Starting Dynare (version 6.2).
Calling Dynare with arguments: noclearall
Starting preprocessing of the model file ...
Found 39 equation(s).
Evaluating expressions...
Computing static model derivatives (order 1).
Normalizing the static model...
Finding the optimal block decomposition of the static model...
16 block(s) found:
  15 recursive block(s) and 1 simultaneous block(s).
  the largest simultaneous block has 18 equation(s)
                                 and 18 feedback variable(s).
Computing dynamic model derivatives (order 1).
Normalizing the dynamic model...
Finding the optimal block decomposition of the dynamic model...
13 block(s) found:
  12 recursive block(s) and 1 simultaneous block(s).
  the largest simultaneous block has 21 equation(s)
                                 and 19 feedback variable(s).
Preprocessing completed.
Preprocessing time: 0h00m00s.


Residuals of the static equations:
Equation number  1: marginal utility of consumption :       0.000000
Equation number  2: Euler                           :       0.000000
Equation number  3: Labor Supply                    :       0.000000
Equation number  4: FOC i                           :       0.000000
Equation number  5: technology                      :       0.000000
Equation number  6: Borrowing constraint            :       0.000000
Equation number  7: Capital law of motion           :       0.000000
Equation number  8: FOC c                           :       0.000000
Equation number  9: FOC l                           :       0.000000
Equation number 10: FOC k                           :       0.000000
Equation number 11: FOC h                           :       0.000000
Equation number 12: NKPC                            :       0.000000
Equation number 13: FOC y                           :       0.000000
Equation number 14: FOC mu                          :       0.000000
Equation number 15: balance sheet                   :       0.000000
Equation number 16: Resources Constraint            :       0.000000
Equation number 17: Total consumption               :       0.000000
Equation number 18: Total emissions                 :       0.000000
Equation number 19: Fisherian equation              :       0.000000
Equation number 20: Monetary Policy rule            :       0.000000
Equation number 21: Public spending                 :       0.000000
Equation number 22: Carbon tax                      :       0.000000
Equation number 23: measurement GDP                 :       0.000000
Equation number 24: measurement consumption         :       0.000000
Equation number 25: measurement investment          :       0.000000
Equation number 26: measurement inflation           :       0.000000
Equation number 27: measurement interest rate       :       0.000000
Equation number 28: measurement corporate loans     :       0.000000
Equation number 29: measurement corporate loans     :       0.000000
Equation number 30: shocks                          :       0.000000
Equation number 31: 31                              :       0.000000
Equation number 32: 32                              :       0.000000
Equation number 33: 33                              :       0.000000
Equation number 34: 34                              :       0.000000
Equation number 35: 35                              :       0.000000
Equation number 36: 36                              :       0.000000
Equation number 37: 37                              :       0.000000
Equation number 38: 38                              :       0.000000
Equation number 39: 39                              :       0.000000


[Warning: Some of the parameters have no value (chi, A) when using stoch_simul. If these parameters are not
initialized in a steadystate file or a steady_state_model-block, Dynare may not be able to solve the model.
Note that simul, perfect_foresight_setup, and perfect_foresight_solver do not automatically call the steady
state file.] 

MODEL SUMMARY

  Number of variables:         39
  Number of stochastic shocks: 10
  Number of state variables:   19
  Number of jumpers:           8
  Number of static variables:  15


MATRIX OF COVARIANCE OF EXOGENOUS SHOCKS
Variables       eta_a     eta_g     eta_c     eta_m     eta_i     eta_r     eta_t     eta_p     eta_e    eta_mh
eta_a        0.000000  0.000000  0.000000  0.000000  0.000000  0.000000  0.000000  0.000000  0.000000  0.000000
eta_g        0.000000  0.000000  0.000000  0.000000  0.000000  0.000000  0.000000  0.000000  0.000000  0.000000
eta_c        0.000000  0.000000  0.000000  0.000000  0.000000  0.000000  0.000000  0.000000  0.000000  0.000000
eta_m        0.000000  0.000000  0.000000  0.000000  0.000000  0.000000  0.000000  0.000000  0.000000  0.000000
eta_i        0.000000  0.000000  0.000000  0.000000  0.000000  0.000000  0.000000  0.000000  0.000000  0.000000
eta_r        0.000000  0.000000  0.000000  0.000000  0.000000  0.000000  0.000000  0.000000  0.000000  0.000000
eta_t        0.000000  0.000000  0.000000  0.000000  0.000000  0.000000  1.000000  0.000000  0.000000  0.000000
eta_p        0.000000  0.000000  0.000000  0.000000  0.000000  0.000000  0.000000  0.000000  0.000000  0.000000
eta_e        0.000000  0.000000  0.000000  0.000000  0.000000  0.000000  0.000000  0.000000  0.000000  0.000000
eta_mh       0.000000  0.000000  0.000000  0.000000  0.000000  0.000000  0.000000  0.000000  0.000000  0.000000

POLICY AND TRANSITION FUNCTIONS
                                  rr               c             c_E             c_H               h               w               y               k               i               l            lb_E           phi_E              mc              pi               r            lb_H               q          varrho             tau              mu               e               g          gy_obs          gc_obs          gi_obs          pi_obs           r_obs           l_obs         co2_obs             e_a             e_g             e_c             e_m             e_i             e_r             e_t             e_p             e_e            e_mh
Constant                    1.007049       12.800677        4.700895        8.099782        0.333333       39.210977       25.000000      131.186717        3.279668       24.746649        0.709085        0.013092        0.900000        1.005000        1.012085        0.411534        1.000000        0.747854        0.100000        1.552027       -1.449913        5.000000               0               0               0               0               0               0               0        1.000000        1.000000        1.000000        1.000000        1.000000        1.000000        1.000000        1.000000        1.000000        1.000000
c(-1)                              0               0               0               0               0               0               0               0               0               0               0               0               0               0               0               0               0               0               0               0               0               0               0       -0.078121               0               0               0               0               0               0               0               0               0               0               0               0               0               0               0
c_E(-1)                     0.001475        0.228149        0.237759       -0.009610        0.001320        0.000260        0.069324       -0.183824       -0.183824               0        0.232415        0.321670        0.025468        0.002443        0.000738        0.001628       -0.259735        0.024918               0        0.002152       -0.008868               0        0.002773        0.017823       -0.056050        0.002443        0.000738               0        0.006116               0               0               0               0               0               0               0               0               0               0
c_H(-1)                    -0.000518        0.498146       -0.169421        0.667568        0.012897        0.993816        0.677116       -0.065204       -0.065204       -0.040945        0.085185        0.121809        0.042102        0.008134        0.002458        0.005493       -0.095385        0.036733               0        0.021018       -0.086621               0        0.027085        0.038916       -0.019881        0.008134        0.002458       -0.001655        0.059742               0               0               0               0               0               0               0               0               0               0
k(-1)                       0.000028        0.054332        0.050414        0.003918        0.000850        0.163252        0.101813        0.985767        0.010767        0.082452       -0.025348       -0.034046        0.000240        0.000004        0.000001       -0.000664        0.023634       -0.000567               0        0.003160       -0.013025               0        0.004073        0.004244        0.003283        0.000004        0.000001        0.003332        0.008983               0               0               0               0               0               0               0               0               0               0
l(-1)                       0.000585       -0.195698       -0.205121        0.009422       -0.007795       -0.764924       -0.409246       -0.065970       -0.065970        0.509366        0.103135        0.164884       -0.010766       -0.002707       -0.000818       -0.001596       -0.117555       -0.007521               0       -0.012703        0.052353               0       -0.016370       -0.015288       -0.020115       -0.002707       -0.000818       -0.019826       -0.036108               0               0               0               0               0               0               0               0               0               0
r(-1)                       1.051361       -8.993068       -3.606695       -5.386373       -0.306900     -123.019473      -16.112237       -1.308964       -1.308964       -3.289808        1.813451        2.902925       -2.463803       -0.787773        0.562002        0.912236       -2.816738       -2.336048               0       -0.500132        2.061175               0       -0.644489       -0.702546       -0.399115       -0.787773        0.562002       -0.132940       -1.421585               0               0               0               0               0               0               0               0               0               0
e(-1)                              0               0               0               0               0               0               0               0               0               0               0               0               0               0               0               0               0               0               0               0               0               0               0               0               0               0               0               0        0.689696               0               0               0               0               0               0               0               0               0               0
e_a(-1)                     0.030037        8.354885        6.554110        1.800776       -0.105497       16.648572       18.211419        3.289346        3.289346        3.215967       -3.295414       -4.318724       -0.642091       -0.154729       -0.046746       -0.304979        3.615551       -0.786492               0        0.565292       -2.329715               0        0.728457        0.652691        1.002951       -0.154729       -0.046746        0.129956        1.606796        0.950000               0               0               0               0               0               0               0               0               0
e_g(-1)                    -0.021223       -0.808904       -0.162103       -0.646801        0.117006        3.326601        6.142834       -0.013419       -0.013419       -0.088660        0.081505        0.124645        0.200217        0.064672        0.019538        0.109542       -0.070013        0.151509               0        0.190677       -0.785828        4.750000        0.245713       -0.063192       -0.004091        0.064672        0.019538       -0.003583        0.541983               0        0.950000               0               0               0               0               0               0               0               0
e_c(-1)                    -0.030839        2.674919        1.300355        1.374564        0.078482       -5.837553        4.120286       -0.040442       -0.040442       -1.111535        0.019811       -0.400535       -0.055758        0.032897        0.009939        0.158161        0.297934       -0.088429               0        0.127896       -0.527092               0        0.164811        0.208967       -0.012331        0.032897        0.009939       -0.044917        0.363533               0               0        0.950000               0               0               0               0               0               0               0
e_m(-1)                    -0.005517        4.223066        4.290688       -0.067622        0.164413       18.249231        8.631702        1.295974        1.295974       11.207591       -2.157363       -3.717546        0.249508        0.051599        0.015589        0.011453        2.576312        0.181066               0        0.267933       -1.104220               0        0.345268        0.329910        0.395154        0.051599        0.015589        0.452893        0.761576               0               0               0        0.950000               0               0               0               0               0               0
e_r(-1)                     0.643407       -2.332394        2.120748       -4.453142       -0.051106      -77.870440       -2.683044        0.616878        0.616878       -8.043188       -1.066314       -1.331107       -1.640277       -0.622252        0.216842        0.754184        0.577312       -1.619003               0       -0.083283        0.343231               0       -0.107322       -0.182209        0.188092       -0.622252        0.216842       -0.325021       -0.236725               0               0               0               0               0        0.400000               0               0               0               0
e_t(-1)                     0.010978       -1.252042       -1.177361       -0.074681        0.026291        1.887533        1.380254       -0.413210       -0.413210        0.937541        0.591979        0.893361        0.228157        0.024988        0.007549        0.012648       -0.683398        0.120418        0.040000        0.430850       -1.195681               0        0.055210       -0.097811       -0.125991        0.024988        0.007549        0.037886        0.824657               0               0               0               0               0               0        0.400000               0               0               0
e_p(-1)                            0               0               0               0               0               0               0               0               0               0               0               0               0               0               0               0               0               0               0               0               0               0               0               0               0               0               0               0               0               0               0               0               0               0               0               0        0.900000               0               0
e_e(-1)                    -0.000800        0.069895        0.080466       -0.010570        0.003166        0.201808        0.166191        0.036366        0.036366        0.026296       -0.040458       -0.050008        0.003562        0.001736        0.000524        0.001790        0.042428        0.002245               0        0.005159       -1.326182               0        0.006648        0.005460        0.011088        0.001736        0.000524        0.001063        0.914663               0               0               0               0               0               0               0               0        0.900000               0
e_mh(-1)                   -0.000201       -0.176181       -0.175337       -0.000844       -0.006572       -0.786746       -0.345048       -0.044440       -0.044440       -0.480167        0.088160        0.157952       -0.009488       -0.001393       -0.000421        0.000143       -0.104823       -0.006752               0       -0.010710        0.044141               0       -0.013802       -0.013763       -0.013550       -0.001393       -0.000421       -0.019403       -0.030444               0               0               0               0               0               0               0               0               0        0.900000
y(-1)                              0               0               0               0               0               0               0               0               0               0               0               0               0               0               0               0               0               0               0               0               0               0       -0.040000               0               0               0               0               0               0               0               0               0               0               0               0               0               0               0               0
i(-1)                       0.000740       -0.654464       -0.651097       -0.003368       -0.001983       -0.287649       -0.104125        0.587888        0.587888       -0.257954        0.327372        0.453094        0.026194        0.003589        0.001084        0.000570       -0.382575        0.027019               0       -0.003232        0.013320               0       -0.004165       -0.051127       -0.125657        0.003589        0.001084       -0.010424       -0.009187               0               0               0               0               0               0               0               0               0               0
e_i(-1)                    -0.008599       -3.670795       -3.843026        0.172230       -0.108964      -10.038517       -5.720602        3.128775        0.013090       -7.490968        1.932278        2.552279       -0.119536       -0.009148       -0.002764       -0.029169       -2.408647       -0.074177               0       -0.177571        0.731814               0       -0.228824       -0.286766        0.003991       -0.009148       -0.002764       -0.302706       -0.504729               0               0               0               0        0.950000               0               0               0               0               0
eta_a                       0.031618        8.794616        6.899063        1.895553       -0.111049       17.524812       19.169914        3.462469        3.462469        3.385229       -3.468857       -4.546025       -0.675886       -0.162872       -0.049206       -0.321031        3.805844       -0.827886               0        0.595044       -2.452331               0        0.766797        0.687043        1.055738       -0.162872       -0.049206        0.136795        1.691364        1.000000               0               0               0               0               0               0               0               0               0
eta_g                      -0.022340       -0.851478       -0.170634       -0.680844        0.123165        3.501685        6.466141       -0.014125       -0.014125       -0.093327        0.085795        0.131206        0.210754        0.068076        0.020567        0.115308       -0.073698        0.159484               0        0.200712       -0.827188        5.000000        0.258646       -0.066518       -0.004307        0.068076        0.020567       -0.003771        0.570509               0        1.000000               0               0               0               0               0               0               0               0
eta_c                      -0.032462        2.815704        1.368795        1.446910        0.082612       -6.144792        4.337143       -0.042571       -0.042571       -1.170037        0.020853       -0.421616       -0.058693        0.034628        0.010462        0.166485        0.313615       -0.093083               0        0.134627       -0.554834               0        0.173486        0.219965       -0.012980        0.034628        0.010462       -0.047281        0.382667               0               0        1.000000               0               0               0               0               0               0               0
eta_m                      -0.005807        4.445332        4.516514       -0.071181        0.173067       19.209717        9.086003        1.364183        1.364183       11.797464       -2.270909       -3.913206        0.262640        0.054314        0.016409        0.012055        2.711908        0.190596               0        0.282034       -1.162336               0        0.363440        0.347273        0.415952        0.054314        0.016409        0.476730        0.801659               0               0               0        1.000000               0               0               0               0               0               0
eta_i                      -0.009051       -3.863995       -4.045290        0.181295       -0.114699      -10.566860       -6.021686        3.293447        0.013779       -7.885229        2.033977        2.686610       -0.125827       -0.009629       -0.002909       -0.030704       -2.535418       -0.078081               0       -0.186916        0.770330               0       -0.240867       -0.301859        0.004201       -0.009629       -0.002909       -0.318638       -0.531294               0               0               0               0        1.000000               0               0               0               0               0
eta_r                       1.608517       -5.830985        5.301869      -11.132854       -0.127764     -194.676101       -6.707611        1.542194        1.542194      -20.107970       -2.665786       -3.327767       -4.100693       -1.555631        0.542105        1.885460        1.443281       -4.047507               0       -0.208208        0.858078               0       -0.268304       -0.455522        0.470229       -1.555631        0.542105       -0.812553       -0.591813               0               0               0               0               0        1.000000               0               0               0               0
eta_t                       0.027444       -3.130105       -2.943403       -0.186703        0.065726        4.718833        3.450636       -1.033026       -1.033026        2.343851        1.479946        2.233404        0.570391        0.062470        0.018873        0.031620       -1.708495        0.301046        0.100000        1.077126       -2.989202               0        0.138025       -0.244527       -0.314979        0.062470        0.018873        0.094714        2.061642               0               0               0               0               0               0        1.000000               0               0               0
eta_p                              0               0               0               0               0               0               0               0               0               0               0               0               0               0               0               0               0               0               0               0               0               0               0               0               0               0               0               0               0               0               0               0               0               0               0               0        1.000000               0               0
eta_e                      -0.000889        0.077662        0.089406       -0.011744        0.003517        0.224231        0.184657        0.040406        0.040406        0.029218       -0.044954       -0.055564        0.003958        0.001929        0.000583        0.001989        0.047142        0.002494               0        0.005732       -1.473536               0        0.007386        0.006067        0.012320        0.001929        0.000583        0.001181        1.016292               0               0               0               0               0               0               0               0        1.000000               0
eta_mh                     -0.000224       -0.195757       -0.194819       -0.000938       -0.007303       -0.874162       -0.383386       -0.049377       -0.049377       -0.533519        0.097955        0.175503       -0.010542       -0.001547       -0.000467        0.000159       -0.116470       -0.007502               0       -0.011901        0.049045               0       -0.015335       -0.015293       -0.015056       -0.001547       -0.000467       -0.021559       -0.033826               0               0               0               0               0               0               0               0               0        1.000000


THEORETICAL MOMENTS
VARIABLE         MEAN  STD. DEV.   VARIANCE
rr             1.0070     0.0424     0.0018
c             12.8007     4.0592    16.4773
c_E            4.7009     3.6579    13.3801
c_H            8.0998     0.4833     0.2335
h              0.3333     0.0705     0.0050
w             39.2110     6.4576    41.7004
y             25.0000     3.8122    14.5331
k            131.1867     9.2396    85.3695
i              3.2797     1.3213     1.7459
l             24.7466     3.9598    15.6799
lb_E           0.7091     1.4938     2.2316
phi_E          0.0131     2.2366     5.0026
mc             0.9000     0.5757     0.3314
pi             1.0050     0.0658     0.0043
r              1.0121     0.0235     0.0006
lb_H           0.4115     0.0395     0.0016
q              1.0000     1.7219     2.9650
varrho         0.7479     0.3178     0.1010
tau            0.1000     0.1091     0.0119
mu             1.5520     1.1501     1.3228
e             -1.4499     3.1634    10.0072
g              5.0000     0.0000     0.0000
gy_obs         0.0000     0.2041     0.0416
gc_obs         0.0000     0.2707     0.0733
gi_obs         0.0000     0.3506     0.1229
pi_obs         0.0000     0.0658     0.0043
r_obs          0.0000     0.0235     0.0006
l_obs          0.0000     0.1059     0.0112
co2_obs        0.0000     2.5327     6.4144
e_a            1.0000     0.0000     0.0000
e_g            1.0000     0.0000     0.0000
e_c            1.0000     0.0000     0.0000
e_m            1.0000     0.0000     0.0000
e_i            1.0000     0.0000     0.0000
e_r            1.0000     0.0000     0.0000
e_t            1.0000     1.0911     1.1905
e_p            1.0000     0.0000     0.0000
e_e            1.0000     0.0000     0.0000
e_mh           1.0000     0.0000     0.0000



VARIANCE DECOMPOSITION (in percent)
            eta_a   eta_g   eta_c   eta_m   eta_i   eta_r   eta_t   eta_p   eta_e  eta_mh
rr           0.00    0.00    0.00    0.00    0.00    0.00  100.00    0.00    0.00    0.00
c            0.00    0.00    0.00    0.00    0.00    0.00  100.00    0.00    0.00    0.00
c_E          0.00    0.00    0.00    0.00    0.00    0.00  100.00    0.00    0.00    0.00
c_H          0.00    0.00    0.00    0.00    0.00    0.00  100.00    0.00    0.00    0.00
h            0.00    0.00    0.00    0.00    0.00    0.00  100.00    0.00    0.00    0.00
w            0.00    0.00    0.00    0.00    0.00    0.00  100.00    0.00    0.00    0.00
y            0.00    0.00    0.00    0.00    0.00    0.00  100.00    0.00    0.00    0.00
k            0.00    0.00    0.00    0.00    0.00    0.00  100.00    0.00    0.00    0.00
i            0.00    0.00    0.00    0.00    0.00    0.00  100.00    0.00    0.00    0.00
l            0.00    0.00    0.00    0.00    0.00    0.00  100.00    0.00    0.00    0.00
lb_E         0.00    0.00    0.00    0.00    0.00    0.00  100.00    0.00    0.00    0.00
phi_E        0.00    0.00    0.00    0.00    0.00    0.00  100.00    0.00    0.00    0.00
mc           0.00    0.00    0.00    0.00    0.00    0.00  100.00    0.00    0.00    0.00
pi           0.00    0.00    0.00    0.00    0.00    0.00  100.00    0.00    0.00    0.00
r            0.00    0.00    0.00    0.00    0.00    0.00  100.00    0.00    0.00    0.00
lb_H         0.00    0.00    0.00    0.00    0.00    0.00  100.00    0.00    0.00    0.00
q            0.00    0.00    0.00    0.00    0.00    0.00  100.00    0.00    0.00    0.00
varrho       0.00    0.00    0.00    0.00    0.00    0.00  100.00    0.00    0.00    0.00
tau          0.00    0.00    0.00    0.00    0.00    0.00  100.00    0.00    0.00    0.00
mu           0.00    0.00    0.00    0.00    0.00    0.00  100.00    0.00    0.00    0.00
e            0.00    0.00    0.00    0.00    0.00    0.00  100.00    0.00    0.00    0.00
g            0.00    0.00    0.00    0.00    0.00    0.00  100.00    0.00    0.00    0.00
gy_obs       0.00    0.00    0.00    0.00    0.00    0.00  100.00    0.00    0.00    0.00
gc_obs       0.00    0.00    0.00    0.00    0.00    0.00  100.00    0.00    0.00    0.00
gi_obs       0.00    0.00    0.00    0.00    0.00    0.00  100.00    0.00    0.00    0.00
pi_obs       0.00    0.00    0.00    0.00    0.00    0.00  100.00    0.00    0.00    0.00
r_obs        0.00    0.00    0.00    0.00    0.00    0.00  100.00    0.00    0.00    0.00
l_obs        0.00    0.00    0.00    0.00    0.00    0.00  100.00    0.00    0.00    0.00
co2_obs      0.00    0.00    0.00    0.00    0.00    0.00  100.00    0.00    0.00    0.00
e_a          0.00    0.00    0.00    0.00    0.00    0.00  100.00    0.00    0.00    0.00
e_g          0.00    0.00    0.00    0.00    0.00    0.00  100.00    0.00    0.00    0.00
e_c         -0.00   -0.00   -0.00   -0.00   -0.00   -0.00  100.00   -0.00   -0.00   -0.00
e_m          0.00    0.00    0.00    0.00    0.00    0.00  100.00    0.00    0.00    0.00
e_i         -0.00   -0.00   -0.00   -0.00   -0.00   -0.00  100.00   -0.00   -0.00   -0.00
e_r         -0.00   -0.00   -0.00   -0.00   -0.00   -0.00  100.00   -0.00   -0.00   -0.00
e_t          0.00    0.00    0.00    0.00    0.00    0.00  100.00    0.00    0.00    0.00
e_p          0.00    0.00    0.00    0.00    0.00    0.00  100.00    0.00    0.00    0.00
e_e          0.00    0.00    0.00    0.00    0.00    0.00  100.00    0.00    0.00    0.00
e_mh         0.00    0.00    0.00    0.00    0.00    0.00  100.00    0.00    0.00    0.00



MATRIX OF CORRELATIONS
Variables         rr        c      c_E      c_H        h        w        y        k        i        l     lb_E    phi_E       mc       pi        r     lb_H        q   varrho      tau       mu        e   gy_obs   gc_obs   gi_obs   pi_obs    r_obs    l_obs  co2_obs      e_t
rr            1.0000  -0.9634  -0.9606  -0.8215   0.4550   0.0302   0.4193  -0.2938  -0.9646   0.9336   0.5430   0.6105   0.6572   0.4191   0.9630   0.9497  -0.5555   0.4085   0.8932   0.8651  -0.8495  -0.0753  -0.2728  -0.2631   0.4191   0.9630   0.4128   0.0958   0.8932
c            -0.9634   1.0000   0.9976   0.8490  -0.5661  -0.1579  -0.5093   0.4212   0.9791  -0.8763  -0.6817  -0.7378  -0.7644  -0.5593  -0.9648  -0.9753   0.6880  -0.5479  -0.9489  -0.9256   0.9124  -0.1317   0.4268   0.4165  -0.5593  -0.9648  -0.5081  -0.2834  -0.9489
c_E          -0.9606   0.9976   1.0000   0.8100  -0.6153  -0.2179  -0.5642   0.3716   0.9851  -0.8796  -0.7201  -0.7739  -0.8019  -0.6058  -0.9760  -0.9806   0.7271  -0.5949  -0.9678  -0.9487   0.9375  -0.1659   0.4755   0.4655  -0.6058  -0.9760  -0.5607  -0.3262  -0.9678
c_H          -0.8215   0.8490   0.8100   1.0000  -0.0981   0.3228  -0.0078   0.7246   0.7682  -0.7024  -0.2757  -0.3397  -0.3510  -0.1132  -0.7168  -0.7695   0.2755  -0.0995  -0.6447  -0.5940   0.5677   0.1500  -0.0145  -0.0250  -0.1132  -0.7168  -0.0231   0.0886  -0.6447
h             0.4550  -0.5661  -0.6153  -0.0981   1.0000   0.8988   0.9906   0.0598  -0.5830   0.3744   0.9610   0.9485   0.9597   0.9903   0.6724   0.6595  -0.9621   0.9889   0.7889   0.8279  -0.8460   0.6805  -0.9564  -0.9546   0.9903   0.6724   0.9946   0.8433   0.7889
w             0.0302  -0.1579  -0.2179   0.3228   0.8988   1.0000   0.9188   0.3006  -0.1972   0.0059   0.8106   0.7661   0.7566   0.9027   0.2857   0.2633  -0.8084   0.9077   0.4520   0.5105  -0.5388   0.7933  -0.9390  -0.9419   0.9027   0.2857   0.9160   0.8953   0.4520
y             0.4193  -0.5093  -0.5642  -0.0078   0.9906   0.9188   1.0000   0.1951  -0.5513   0.3760   0.9364   0.9231   0.9362   0.9744   0.6355   0.6045  -0.9405   0.9752   0.7530   0.7959  -0.8159   0.6691  -0.9495  -0.9485   0.9744   0.6355   0.9937   0.8338   0.7530
k            -0.2938   0.4212   0.3716   0.7246   0.0598   0.3006   0.1951   1.0000   0.2441  -0.0453  -0.0706  -0.0870  -0.0757   0.0140  -0.2558  -0.3841   0.0513   0.0305  -0.2240  -0.1860   0.1667   0.0430  -0.0880  -0.0951   0.0140  -0.2558   0.1262   0.0680  -0.2240
i            -0.9646   0.9791   0.9851   0.7682  -0.5830  -0.1972  -0.5513   0.2441   1.0000  -0.9425  -0.6908  -0.7496  -0.7777  -0.5719  -0.9612  -0.9449   0.7017  -0.5627  -0.9554  -0.9359   0.9245  -0.1368   0.4455   0.4351  -0.5719  -0.9612  -0.5302  -0.2956  -0.9554
l             0.9336  -0.8763  -0.8796  -0.7024   0.3744   0.0059   0.3760  -0.0453  -0.9425   1.0000   0.4828   0.5541   0.5875   0.3509   0.8641   0.8138  -0.5009   0.3449   0.8229   0.7959  -0.7811  -0.0618  -0.2297  -0.2200   0.3509   0.8641   0.3309   0.0813   0.8229
lb_E          0.5430  -0.6817  -0.7201  -0.2757   0.9610   0.8106   0.9364  -0.0706  -0.6908   0.4828   1.0000   0.9964   0.9836   0.9799   0.7272   0.7250  -0.9996   0.9799   0.8579   0.8858  -0.8983   0.7483  -0.9524  -0.9488   0.9799   0.7272   0.9290   0.8772   0.8579
phi_E         0.6105  -0.7378  -0.7739  -0.3397   0.9485   0.7661   0.9231  -0.0870  -0.7496   0.5541   0.9964   1.0000   0.9916   0.9640   0.7786   0.7737  -0.9974   0.9631   0.8973   0.9207  -0.9308   0.7008  -0.9245  -0.9200   0.9640   0.7786   0.9134   0.8377   0.8973
mc            0.6572  -0.7644  -0.8019  -0.3510   0.9597   0.7566   0.9362  -0.0757  -0.7777   0.5875   0.9836   0.9916   1.0000   0.9594   0.8237   0.8148  -0.9864   0.9559   0.9227   0.9454  -0.9551   0.6173  -0.8994  -0.8946   0.9594   0.8237   0.9316   0.7806   0.9227
pi            0.4191  -0.5593  -0.6058  -0.1132   0.9903   0.9027   0.9744   0.0140  -0.5719   0.3509   0.9799   0.9640   0.9594   1.0000   0.6363   0.6316  -0.9786   0.9995   0.7772   0.8155  -0.8332   0.7613  -0.9802  -0.9781   1.0000   0.6363   0.9743   0.8983   0.7772
r             0.9630  -0.9648  -0.9760  -0.7168   0.6724   0.2857   0.6355  -0.2558  -0.9612   0.8641   0.7272   0.7786   0.8237   0.6363   1.0000   0.9900  -0.7372   0.6264   0.9692   0.9573  -0.9497   0.1231  -0.5016  -0.4931   0.6363   1.0000   0.6377   0.3167   0.9692
lb_H          0.9497  -0.9753  -0.9806  -0.7695   0.6595   0.2633   0.6045  -0.3841  -0.9449   0.8138   0.7250   0.7737   0.8148   0.6316   0.9900   1.0000  -0.7312   0.6199   0.9613   0.9468  -0.9380   0.1373  -0.4946  -0.4857   0.6316   0.9900   0.6182   0.3207   0.9613
q            -0.5555   0.6880   0.7271   0.2755  -0.9621  -0.8084  -0.9405   0.0513   0.7017  -0.5009  -0.9996  -0.9974  -0.9864  -0.9786  -0.7372  -0.7312   1.0000  -0.9787  -0.8651  -0.8929   0.9052  -0.7371   0.9494   0.9457  -0.9786  -0.7372  -0.9312  -0.8697  -0.8651
varrho        0.4085  -0.5479  -0.5949  -0.0995   0.9889   0.9077   0.9752   0.0305  -0.5627   0.3449   0.9799   0.9631   0.9559   0.9995   0.6264   0.6199  -0.9787   1.0000   0.7690   0.8080  -0.8261   0.7742  -0.9849  -0.9831   0.9995   0.6264   0.9733   0.9076   0.7690
tau           0.8932  -0.9489  -0.9678  -0.6447   0.7889   0.4520   0.7530  -0.2240  -0.9554   0.8229   0.8579   0.8973   0.9227   0.7772   0.9692   0.9613  -0.8651   0.7690   1.0000   0.9977  -0.9948   0.3376  -0.6670  -0.6587   0.7772   0.9692   0.7461   0.5142   1.0000
mu            0.8651  -0.9256  -0.9487  -0.5940   0.8279   0.5105   0.7959  -0.1860  -0.9359   0.7959   0.8858   0.9207   0.9454   0.8155   0.9573   0.9468  -0.8929   0.8080   0.9977   1.0000  -0.9994   0.3795  -0.7115  -0.7037   0.8155   0.9573   0.7888   0.5590   0.9977
e            -0.8495   0.9124   0.9375   0.5677  -0.8460  -0.5388  -0.8159   0.1667   0.9245  -0.7811  -0.8983  -0.9308  -0.9551  -0.8332  -0.9497  -0.9380   0.9052  -0.8261  -0.9948  -0.9994   1.0000  -0.3998   0.7325   0.7250  -0.8332  -0.9497  -0.8088  -0.5804  -0.9948
gy_obs       -0.0753  -0.1317  -0.1659   0.1500   0.6805   0.7933   0.6691   0.0430  -0.1368  -0.0618   0.7483   0.7008   0.6173   0.7613   0.1231   0.1373  -0.7371   0.7742   0.3376   0.3795  -0.3998   1.0000  -0.8637  -0.8660   0.7613   0.1231   0.6491   0.9675   0.3376
gc_obs       -0.2728   0.4268   0.4755  -0.0145  -0.9564  -0.9390  -0.9495  -0.0880   0.4455  -0.2297  -0.9524  -0.9245  -0.8994  -0.9802  -0.5016  -0.4946   0.9494  -0.9849  -0.6670  -0.7115   0.7325  -0.8637   1.0000   0.9999  -0.9802  -0.5016  -0.9424  -0.9631  -0.6670
gi_obs       -0.2631   0.4165   0.4655  -0.0250  -0.9546  -0.9419  -0.9485  -0.0951   0.4351  -0.2200  -0.9488  -0.9200  -0.8946  -0.9781  -0.4931  -0.4857   0.9457  -0.9831  -0.6587  -0.7037   0.7250  -0.8660   0.9999   1.0000  -0.9781  -0.4931  -0.9416  -0.9642  -0.6587
pi_obs        0.4191  -0.5593  -0.6058  -0.1132   0.9903   0.9027   0.9744   0.0140  -0.5719   0.3509   0.9799   0.9640   0.9594   1.0000   0.6363   0.6316  -0.9786   0.9995   0.7772   0.8155  -0.8332   0.7613  -0.9802  -0.9781   1.0000   0.6363   0.9743   0.8983   0.7772
r_obs         0.9630  -0.9648  -0.9760  -0.7168   0.6724   0.2857   0.6355  -0.2558  -0.9612   0.8641   0.7272   0.7786   0.8237   0.6363   1.0000   0.9900  -0.7372   0.6264   0.9692   0.9573  -0.9497   0.1231  -0.5016  -0.4931   0.6363   1.0000   0.6377   0.3167   0.9692
l_obs         0.4128  -0.5081  -0.5607  -0.0231   0.9946   0.9160   0.9937   0.1262  -0.5302   0.3309   0.9290   0.9134   0.9316   0.9743   0.6377   0.6182  -0.9312   0.9733   0.7461   0.7888  -0.8088   0.6491  -0.9424  -0.9416   0.9743   0.6377   1.0000   0.8196   0.7461
co2_obs       0.0958  -0.2834  -0.3262   0.0886   0.8433   0.8953   0.8338   0.0680  -0.2956   0.0813   0.8772   0.8377   0.7806   0.8983   0.3167   0.3207  -0.8697   0.9076   0.5142   0.5590  -0.5804   0.9675  -0.9631  -0.9642   0.8983   0.3167   0.8196   1.0000   0.5142
e_t           0.8932  -0.9489  -0.9678  -0.6447   0.7889   0.4520   0.7530  -0.2240  -0.9554   0.8229   0.8579   0.8973   0.9227   0.7772   0.9692   0.9613  -0.8651   0.7690   1.0000   0.9977  -0.9948   0.3376  -0.6670  -0.6587   0.7772   0.9692   0.7461   0.5142   1.0000



COEFFICIENTS OF AUTOCORRELATION
Order            1        2        3        4        5
rr          0.7226   0.3570   0.1172  -0.0025  -0.0471
c           0.6357   0.3920   0.2414   0.1530   0.1031
c_E         0.5931   0.3403   0.1959   0.1173   0.0757
c_H         0.8978   0.7165   0.5421   0.4092   0.3219
h           0.0660  -0.1530  -0.1562  -0.1118  -0.0694
w           0.1195  -0.0832  -0.0888  -0.0538  -0.0219
y           0.1045  -0.1161  -0.1293  -0.0939  -0.0579
k           0.9898   0.9673   0.9376   0.9042   0.8689
i           0.6213   0.3672   0.2094   0.1143   0.0572
l           0.7810   0.5038   0.2878   0.1421   0.0501
lb_E       -0.0827  -0.0685  -0.0431  -0.0233  -0.0108
phi_E      -0.0280  -0.0328  -0.0228  -0.0133  -0.0069
mc          0.0836  -0.0643  -0.0699  -0.0463  -0.0250
pi         -0.0441  -0.1669  -0.1291  -0.0738  -0.0342
r           0.5756   0.2195   0.0245  -0.0533  -0.0674
