Starting Dynare (version 6.2).
Calling Dynare with arguments: noclearall
Starting preprocessing of the model file ...
Found 39 equation(s).
Evaluating expressions...
Computing static model derivatives (order 1).
Normalizing the static model...
Finding the optimal block decomposition of the static model...
16 block(s) found:
  15 recursive block(s) and 1 simultaneous block(s).
  the largest simultaneous block has 18 equation(s)
                                 and 18 feedback variable(s).
Computing dynamic model derivatives (order 1).
Normalizing the dynamic model...
Finding the optimal block decomposition of the dynamic model...
13 block(s) found:
  12 recursive block(s) and 1 simultaneous block(s).
  the largest simultaneous block has 21 equation(s)
                                 and 19 feedback variable(s).
Preprocessing completed.
Preprocessing time: 0h00m00s.
[Warning: Some of the parameters have no value (chi, A) when using steady. If these parameters are not
initialized in a steadystate file or a steady_state_model-block, Dynare may not be able to solve the model.
Note that simul, perfect_foresight_setup, and perfect_foresight_solver do not automatically call the steady
state file.] 

STEADY-STATE RESULTS:

rr      		 1.00705
c       		 14.1692
c_E     		 3.26774
c_H     		 10.9015
h       		 0.333333
w       		 44.2881
y       		 25
k       		 182.066
i       		 4.55166
l       		 143.157
lb_E    		 1.02007
phi_E   		 0.0130916
mc      		 0.9
pi      		 1.005
r       		 1.01208
lb_H    		 0.305768
q       		 1
varrho  		 0.844688
tau     		 0.1
mu      		 0.506471
e       		 1.29627
g       		 5
gy_obs  		 0
gc_obs  		 0
gi_obs  		 0
pi_obs  		 0
r_obs   		 0
l_obs   		 0
co2_obs 		 0
e_a     		 1
e_g     		 1
e_c     		 1
e_m     		 1
e_i     		 1
e_r     		 1
e_t     		 1
e_p     		 1
e_e     		 1
e_mh    		 1


Residuals of the static equations:
Equation number  1: marginal utility of consumption :       0.000000
Equation number  2: Euler                           :       0.000000
Equation number  3: Labor Supply                    :       0.000000
Equation number  4: FOC i                           :       0.000000
Equation number  5: technology                      :       0.000000
Equation number  6: Borrowing constraint            :       0.000000
Equation number  7: Capital law of motion           :       0.000000
Equation number  8: FOC c                           :       0.000000
Equation number  9: FOC l                           :       0.000000
Equation number 10: FOC k                           :       0.000000
Equation number 11: FOC h                           :       0.000000
Equation number 12: NKPC                            :       0.000000
Equation number 13: FOC y                           :       0.000000
Equation number 14: FOC mu                          :       0.000000
Equation number 15: balance sheet                   :       0.000000
Equation number 16: Resources Constraint            :       0.000000
Equation number 17: Total consumption               :       0.000000
Equation number 18: Total emissions                 :       0.000000
Equation number 19: Fisherian equation              :       0.000000
Equation number 20: Monetary Policy rule            :       0.000000
Equation number 21: Public spending                 :       0.000000
Equation number 22: Carbon tax                      :       0.000000
Equation number 23: measurement GDP                 :       0.000000
Equation number 24: measurement consumption         :       0.000000
Equation number 25: measurement investment          :       0.000000
Equation number 26: measurement inflation           :       0.000000
Equation number 27: measurement interest rate       :       0.000000
Equation number 28: measurement corporate loans     :       0.000000
Equation number 29: measurement corporate loans     :       0.000000
Equation number 30: shocks                          :       0.000000
Equation number 31: 31                              :       0.000000
Equation number 32: 32                              :       0.000000
Equation number 33: 33                              :       0.000000
Equation number 34: 34                              :       0.000000
Equation number 35: 35                              :       0.000000
Equation number 36: 36                              :       0.000000
Equation number 37: 37                              :       0.000000
Equation number 38: 38                              :       0.000000
Equation number 39: 39                              :       0.000000



MODEL SUMMARY

  Number of variables:         39
  Number of stochastic shocks: 10
  Number of state variables:   19
  Number of jumpers:           8
  Number of static variables:  15


MATRIX OF COVARIANCE OF EXOGENOUS SHOCKS
Variables       eta_a     eta_g     eta_c     eta_m     eta_i     eta_r     eta_t     eta_p     eta_e    eta_mh
eta_a        0.000000  0.000000  0.000000  0.000000  0.000000  0.000000  0.000000  0.000000  0.000000  0.000000
eta_g        0.000000  0.000000  0.000000  0.000000  0.000000  0.000000  0.000000  0.000000  0.000000  0.000000
eta_c        0.000000  0.000000  0.000000  0.000000  0.000000  0.000000  0.000000  0.000000  0.000000  0.000000
eta_m        0.000000  0.000000  0.000000  0.000000  0.000000  0.000000  0.000000  0.000000  0.000000  0.000000
eta_i        0.000000  0.000000  0.000000  0.000000  0.000000  0.000000  0.000000  0.000000  0.000000  0.000000
eta_r        0.000000  0.000000  0.000000  0.000000  0.000000  0.000000  0.000000  0.000000  0.000000  0.000000
eta_t        0.000000  0.000000  0.000000  0.000000  0.000000  0.000000  1.000000  0.000000  0.000000  0.000000
eta_p        0.000000  0.000000  0.000000  0.000000  0.000000  0.000000  0.000000  0.000000  0.000000  0.000000
eta_e        0.000000  0.000000  0.000000  0.000000  0.000000  0.000000  0.000000  0.000000  0.000000  0.000000
eta_mh       0.000000  0.000000  0.000000  0.000000  0.000000  0.000000  0.000000  0.000000  0.000000  0.000000

POLICY AND TRANSITION FUNCTIONS
                                  rr               c             c_E             c_H               h               w               y               k               i               l            lb_E           phi_E              mc              pi               r            lb_H               q          varrho             tau              mu               e               g          gy_obs          gc_obs          gi_obs          pi_obs           r_obs           l_obs         co2_obs             e_a             e_g             e_c             e_m             e_i             e_r             e_t             e_p             e_e            e_mh
Constant                    1.007049       14.169249        3.267743       10.901505        0.333333       44.288144       25.000000      182.066200        4.551655      143.157118        1.020072        0.013092        0.900000        1.005000        1.012085        0.305768        1.000000        0.844688        0.100000        0.506471        1.296268        5.000000               0               0               0               0               0               0               0        1.000000        1.000000        1.000000        1.000000        1.000000        1.000000        1.000000        1.000000        1.000000        1.000000
c(-1)                              0               0               0               0               0               0               0               0               0               0               0               0               0               0               0               0               0               0               0               0               0               0               0       -0.070575               0               0               0               0               0               0               0               0               0               0               0               0               0               0               0
c_E(-1)                     0.002600        0.130328        0.147412       -0.017084        0.000197       -0.205193        0.010336       -0.121208       -0.121208       -0.608438        0.574993        0.552094        0.042836        0.003945        0.001192        0.001597       -0.118728        0.042810               0        0.000105        0.000154               0        0.000413        0.009198       -0.026629        0.003945        0.001192       -0.004250        0.000119               0               0               0               0               0               0               0               0               0               0
c_H(-1)                     0.000330        0.502916       -0.164249        0.667165        0.009753        0.851118        0.512008       -0.051159       -0.051159       -0.872747        0.170909        0.167472        0.039076        0.006427        0.001942        0.003070       -0.039122        0.037775               0        0.005186        0.007616               0        0.020480        0.035493       -0.011240        0.006427        0.001942       -0.006096        0.005876               0               0               0               0               0               0               0               0               0               0
k(-1)                      -0.000560        0.149298        0.145205        0.004094        0.002859        0.435255        0.191275        0.994468        0.019468        0.244372       -0.151092       -0.154643       -0.003476        0.000164        0.000050       -0.000383        0.028925       -0.003963               0        0.001938        0.002845               0        0.007651        0.010537        0.004277        0.000164        0.000050        0.001707        0.002195               0               0               0               0               0               0               0               0               0               0
l(-1)                       0.001116       -0.215740       -0.221635        0.005894       -0.005429       -0.641517       -0.285030       -0.035748       -0.035748        0.686684        0.230621        0.240841        0.003230       -0.000978       -0.000295       -0.000551       -0.046280        0.003954               0       -0.002887       -0.004240               0       -0.011401       -0.015226       -0.007854       -0.000978       -0.000295       -0.002189       -0.003271               0               0               0               0               0               0               0               0               0               0
r(-1)                       1.593076     -107.025732     -102.708020       -4.317712       -2.726550     -420.731626     -143.143900      -19.273442      -19.273442       69.857144      106.872514      111.851193       -1.025520       -1.284813        0.411839        0.403681      -23.298084       -0.661619               0       -1.449965       -2.129316               0       -5.725756       -7.553381       -4.234381       -1.284813        0.411839        0.487975       -1.642652               0               0               0               0               0               0               0               0               0               0
e(-1)                              0               0               0               0               0               0               0               0               0               0               0               0               0               0               0               0               0               0               0               0               0               0               0               0               0               0               0               0       -0.771446               0               0               0               0               0               0               0               0               0               0
e_a(-1)                    -0.037626       18.253580       15.750578        2.503002        0.052626       40.887492       26.512844        5.139316        5.139316       37.620640      -16.389215      -15.828113       -1.250451       -0.168174       -0.050808       -0.234016        3.563743       -1.317851               0        0.268560        0.394388               0        1.060514        1.288253        1.129109       -0.168174       -0.050808        0.262793        0.304249        0.950000               0               0               0               0               0               0               0               0               0
e_g(-1)                    -0.012531       -0.344347        0.217249       -0.561597        0.092585        4.696212        4.860732       -0.116916       -0.116916       -4.802437       -0.226058       -0.261531        0.150249        0.043828        0.013241        0.052506        0.035870        0.137892               0        0.049236        0.072305        4.750000        0.194429       -0.024302       -0.025687        0.043828        0.013241       -0.033547        0.055779               0        0.950000               0               0               0               0               0               0               0               0
e_c(-1)                    -0.027957        3.802344        1.691789        2.110555        0.080527       -2.793616        4.227671       -0.072172       -0.072172       -2.588700       -0.791317       -1.364055       -0.096385        0.021747        0.006570        0.093155        0.277962       -0.107133               0        0.042824        0.062888               0        0.169107        0.268352       -0.015856        0.021747        0.006570       -0.018083        0.048515               0               0        0.950000               0               0               0               0               0               0               0
e_m(-1)                    -0.107965       23.539164       23.587046       -0.047882        0.589692       77.700683       30.958833        3.776531        3.776531       39.104397      -24.543428      -27.777309       -0.334299        0.090667        0.027392        0.004477        5.216813       -0.413003               0        0.313595        0.460524               0        1.238353        1.661285        0.829705        0.090667        0.027392        0.273157        0.355269               0               0               0        0.950000               0               0               0               0               0               0
e_r(-1)                     0.966097      -59.590966      -55.603028       -3.987938       -1.529696     -257.246408      -80.309015      -11.267535      -11.267535       -9.298634       57.857560       61.046381       -1.123639       -0.978250        0.109290        0.372849      -13.065670       -0.919477               0       -0.813484       -1.194625               0       -3.212361       -4.205655       -2.475481       -0.978250        0.109290       -0.064954       -0.921588               0               0               0               0               0        0.400000               0               0               0               0
e_t(-1)                     0.004330       -0.450810       -0.416863       -0.033947        0.006206        0.364850        0.325814       -0.093130       -0.093130       -0.802729        0.433766        0.441422        0.083594        0.008729        0.002637        0.003174       -0.097143        0.048914        0.040000        0.129918       -0.327718               0        0.013033       -0.031816       -0.020461        0.008729        0.002637       -0.005607       -0.252817               0               0               0               0               0               0        0.400000               0               0               0
e_p(-1)                            0               0               0               0               0               0               0               0               0               0               0               0               0               0               0               0               0               0               0               0               0               0               0               0               0               0               0               0               0               0               0               0               0               0               0               0        0.900000               0               0
e_e(-1)                     0.000747       -0.105123       -0.112417        0.007294       -0.002735       -0.264621       -0.143590       -0.021570       -0.021570        0.013261        0.116975        0.105226        0.001385       -0.000791       -0.000239       -0.000682       -0.022172        0.001750               0       -0.001454        1.164505               0       -0.005744       -0.007419       -0.004739       -0.000791       -0.000239        0.000093        0.898352               0               0               0               0               0               0               0               0        0.900000               0
e_mh(-1)                    0.000537       -0.168037       -0.164926       -0.003110       -0.004113       -0.588626       -0.215946       -0.022497       -0.022497       -0.352469        0.171614        0.204081        0.003307       -0.000161       -0.000049        0.000291       -0.036524        0.003856               0       -0.002187       -0.003212               0       -0.008638       -0.011859       -0.004943       -0.000161       -0.000049       -0.002462       -0.002478               0               0               0               0               0               0               0               0               0        0.900000
y(-1)                              0               0               0               0               0               0               0               0               0               0               0               0               0               0               0               0               0               0               0               0               0               0       -0.040000               0               0               0               0               0               0               0               0               0               0               0               0               0               0               0               0
i(-1)                       0.001385       -0.698813       -0.677811       -0.021002        0.000313       -0.242838        0.016426        0.713306        0.713306       -1.143060        0.705294        0.695239        0.054297        0.007647        0.002310        0.001964       -0.156309        0.054256               0        0.000166        0.000244               0        0.000657       -0.049319       -0.062987        0.007647        0.002310       -0.007985        0.000188               0               0               0               0               0               0               0               0               0               0
e_i(-1)                     0.018148      -12.076635      -12.091832        0.015198       -0.256422      -33.863494      -13.462129        4.522760        0.198687      -24.483778       12.582119       12.910591        0.214093        0.012578        0.003800       -0.001421       -2.917009        0.248316               0       -0.136364       -0.200254               0       -0.538485       -0.852313        0.043652        0.012578        0.003800       -0.171027       -0.154485               0               0               0               0        0.950000               0               0               0               0               0
eta_a                      -0.039606       19.214295       16.579555        2.634739        0.055395       43.039465       27.908257        5.409806        5.409806       39.600673      -17.251805      -16.661171       -1.316264       -0.177025       -0.053482       -0.246333        3.751308       -1.387212               0        0.282694        0.415145               0        1.116330        1.356056        1.188536       -0.177025       -0.053482        0.276624        0.320262        1.000000               0               0               0               0               0               0               0               0               0
eta_g                      -0.013190       -0.362471        0.228684       -0.591155        0.097458        4.943381        5.116560       -0.123070       -0.123070       -5.055197       -0.237956       -0.275295        0.158156        0.046135        0.013938        0.055270        0.037758        0.145149               0        0.051828        0.076111        5.000000        0.204662       -0.025582       -0.027038        0.046135        0.013938       -0.035312        0.058715               0        1.000000               0               0               0               0               0               0               0               0
eta_c                      -0.029428        4.002467        1.780830        2.221637        0.084765       -2.940648        4.450180       -0.075971       -0.075971       -2.724948       -0.832965       -1.435847       -0.101458        0.022892        0.006916        0.098058        0.292592       -0.112771               0        0.045078        0.066198               0        0.178007        0.282476       -0.016691        0.022892        0.006916       -0.019035        0.051068               0               0        1.000000               0               0               0               0               0               0               0
eta_m                      -0.113648       24.778067       24.828469       -0.050402        0.620728       81.790193       32.588245        3.975295        3.975295       41.162523      -25.835187      -29.239273       -0.351894        0.095439        0.028834        0.004712        5.491382       -0.434740               0        0.330100        0.484762               0        1.303530        1.748721        0.873374        0.095439        0.028834        0.287534        0.373967               0               0               0        1.000000               0               0               0               0               0               0
eta_i                       0.019103      -12.712247      -12.728245        0.015997       -0.269917      -35.645783      -14.170662        4.760800        0.209144      -25.772398       13.244336       13.590096        0.225361        0.013240        0.004000       -0.001496       -3.070535        0.261386               0       -0.143541       -0.210794               0       -0.566826       -0.897172        0.045949        0.013240        0.004000       -0.180029       -0.162616               0               0               0               0        1.000000               0               0               0               0               0
eta_r                       2.415243     -148.977416     -139.007570       -9.969846       -3.824239     -643.116020     -200.772537      -28.168837      -28.168837      -23.246585      144.643900      152.615951       -2.809097       -2.445626        0.273225        0.932122      -32.664175       -2.298693               0       -2.033710       -2.986563               0       -8.030901      -10.514137       -6.188702       -2.445626        0.273225       -0.162385       -2.303971               0               0               0               0               0        1.000000               0               0               0               0
eta_t                       0.010824       -1.127025       -1.042158       -0.084867        0.015515        0.912126        0.814535       -0.232824       -0.232824       -2.006822        1.084414        1.103555        0.208985        0.021823        0.006593        0.007935       -0.242856        0.122285        0.100000        0.324795       -0.819296               0        0.032581       -0.079540       -0.051152        0.021823        0.006593       -0.014018       -0.632043               0               0               0               0               0               0        1.000000               0               0               0
eta_p                              0               0               0               0               0               0               0               0               0               0               0               0               0               0               0               0               0               0               0               0               0               0               0               0               0               0               0               0               0               0               0               0               0               0               0               0        1.000000               0               0
eta_e                       0.000830       -0.116803       -0.124907        0.008104       -0.003039       -0.294023       -0.159544       -0.023966       -0.023966        0.014734        0.129972        0.116918        0.001539       -0.000879       -0.000265       -0.000758       -0.024635        0.001945               0       -0.001616        1.293894               0       -0.006382       -0.008243       -0.005265       -0.000879       -0.000265        0.000103        0.998169               0               0               0               0               0               0               0               0        1.000000               0
eta_mh                      0.000597       -0.186707       -0.183251       -0.003456       -0.004570       -0.654028       -0.239940       -0.024997       -0.024997       -0.391633        0.190682        0.226757        0.003675       -0.000179       -0.000054        0.000323       -0.040582        0.004285               0       -0.002430       -0.003569               0       -0.009598       -0.013177       -0.005492       -0.000179       -0.000054       -0.002736       -0.002753               0               0               0               0               0               0               0               0               0        1.000000


THEORETICAL MOMENTS
VARIABLE         MEAN  STD. DEV.   VARIANCE
rr             1.0070     0.0157     0.0002
c             14.1692     1.5151     2.2956
c_E            3.2677     1.3416     1.7999
c_H           10.9015     0.1987     0.0395
h              0.3333     0.0187     0.0003
w             44.2881     2.0073     4.0291
y             25.0000     1.0103     1.0208
k            182.0662     3.0276     9.1665
i              4.5517     0.3608     0.1302
l            143.1571     2.8519     8.1331
lb_E           1.0201     1.0890     1.1859
phi_E          0.0131     1.1042     1.2192
mc             0.9000     0.2107     0.0444
pi             1.0050     0.0234     0.0005
r              1.0121     0.0080     0.0001
lb_H           0.3058     0.0096     0.0001
q              1.0000     0.2434     0.0592
varrho         0.8447     0.1296     0.0168
tau            0.1000     0.1091     0.0119
mu             0.5065     0.3517     0.1237
e              1.2963     0.8981     0.8066
g              5.0000     0.0000     0.0000
gy_obs         0.0000     0.0515     0.0026
gc_obs         0.0000     0.0872     0.0076
gi_obs         0.0000     0.0548     0.0030
pi_obs         0.0000     0.0234     0.0005
r_obs          0.0000     0.0080     0.0001
l_obs          0.0000     0.0176     0.0003
co2_obs        0.0000     0.7529     0.5668
e_a            1.0000     0.0000     0.0000
e_g            1.0000     0.0000     0.0000
e_c            1.0000     0.0000     0.0000
e_m            1.0000     0.0000     0.0000
e_i            1.0000     0.0000     0.0000
e_r            1.0000     0.0000     0.0000
e_t            1.0000     1.0911     1.1905
e_p            1.0000     0.0000     0.0000
e_e            1.0000     0.0000     0.0000
e_mh           1.0000     0.0000     0.0000



VARIANCE DECOMPOSITION (in percent)
            eta_a   eta_g   eta_c   eta_m   eta_i   eta_r   eta_t   eta_p   eta_e  eta_mh
rr           0.00    0.00    0.00    0.00    0.00    0.00  100.00    0.00    0.00    0.00
c            0.00    0.00    0.00    0.00    0.00    0.00  100.00    0.00    0.00    0.00
c_E          0.00    0.00    0.00    0.00    0.00    0.00  100.00    0.00    0.00    0.00
c_H          0.00    0.00    0.00    0.00    0.00    0.00  100.00    0.00    0.00    0.00
h            0.00    0.00    0.00    0.00    0.00    0.00  100.00    0.00    0.00    0.00
w            0.00    0.00    0.00    0.00    0.00    0.00  100.00    0.00    0.00    0.00
y            0.00    0.00    0.00    0.00    0.00    0.00  100.00    0.00    0.00    0.00
k            0.00    0.00    0.00    0.00    0.00    0.00  100.00    0.00    0.00    0.00
i            0.00    0.00    0.00    0.00    0.00    0.00  100.00    0.00    0.00    0.00
l            0.00    0.00    0.00    0.00    0.00    0.00  100.00    0.00    0.00    0.00
lb_E         0.00    0.00    0.00    0.00    0.00    0.00  100.00    0.00    0.00    0.00
phi_E        0.00    0.00    0.00    0.00    0.00    0.00  100.00    0.00    0.00    0.00
mc           0.00    0.00    0.00    0.00    0.00    0.00  100.00    0.00    0.00    0.00
pi           0.00    0.00    0.00    0.00    0.00    0.00  100.00    0.00    0.00    0.00
r            0.00    0.00    0.00    0.00    0.00    0.00  100.00    0.00    0.00    0.00
lb_H         0.00    0.00    0.00    0.00    0.00    0.00  100.00    0.00    0.00    0.00
q            0.00    0.00    0.00    0.00    0.00    0.00  100.00    0.00    0.00    0.00
varrho       0.00    0.00    0.00    0.00    0.00    0.00  100.00    0.00    0.00    0.00
tau          0.00    0.00    0.00    0.00    0.00    0.00  100.00    0.00    0.00    0.00
mu           0.00    0.00    0.00    0.00    0.00    0.00  100.00    0.00    0.00    0.00
e            0.00    0.00    0.00    0.00    0.00    0.00  100.00    0.00    0.00    0.00
g           -0.00   -0.00   -0.00   -0.00   -0.00   -0.00  100.00   -0.00   -0.00   -0.00
gy_obs       0.00    0.00    0.00    0.00    0.00    0.00  100.00    0.00    0.00    0.00
gc_obs       0.00    0.00    0.00    0.00    0.00    0.00  100.00    0.00    0.00    0.00
gi_obs       0.00    0.00    0.00    0.00    0.00    0.00  100.00    0.00    0.00    0.00
pi_obs       0.00    0.00    0.00    0.00    0.00    0.00  100.00    0.00    0.00    0.00
r_obs        0.00    0.00    0.00    0.00    0.00    0.00  100.00    0.00    0.00    0.00
l_obs        0.00    0.00    0.00    0.00    0.00    0.00  100.00    0.00    0.00    0.00
co2_obs      0.00    0.00    0.00    0.00    0.00    0.00  100.00    0.00    0.00    0.00
e_a         -0.00   -0.00   -0.00   -0.00   -0.00   -0.00  100.00   -0.00   -0.00   -0.00
e_g         -0.00   -0.00   -0.00   -0.00   -0.00   -0.00  100.00   -0.00   -0.00   -0.00
e_c         -0.00   -0.00   -0.00   -0.00   -0.00   -0.00  100.00   -0.00   -0.00   -0.00
e_m         -0.00   -0.00   -0.00   -0.00   -0.00   -0.00  100.00   -0.00   -0.00   -0.00
e_i         -0.00   -0.00   -0.00   -0.00   -0.00   -0.00  100.00   -0.00   -0.00   -0.00
e_r         -0.00   -0.00   -0.00   -0.00   -0.00   -0.00  100.00   -0.00   -0.00   -0.00
e_t          0.00    0.00    0.00    0.00    0.00    0.00  100.00    0.00    0.00    0.00
e_p          0.00    0.00    0.00    0.00    0.00    0.00  100.00    0.00    0.00    0.00
e_e          0.00    0.00    0.00    0.00    0.00    0.00  100.00    0.00    0.00    0.00
e_mh         0.00    0.00    0.00    0.00    0.00    0.00  100.00    0.00    0.00    0.00



MATRIX OF CORRELATIONS
Variables         rr        c      c_E      c_H        h        w        y        k        i        l     lb_E    phi_E       mc       pi        r     lb_H        q   varrho      tau       mu        e   gy_obs   gc_obs   gi_obs   pi_obs    r_obs    l_obs  co2_obs      e_t
rr            1.0000  -0.9643  -0.9650  -0.8373   0.3349  -0.2350   0.3152  -0.1853  -0.9278  -0.6380   0.6271   0.6695   0.6826   0.4250   0.9544   0.9367  -0.6813   0.4508   0.9157   0.9085  -0.9197  -0.0829  -0.3632  -0.4587   0.4250   0.9544  -0.1127  -0.1939   0.9157
c            -0.9643   1.0000   0.9977   0.8889  -0.3253   0.2365  -0.2854   0.3528   0.9682   0.6592  -0.6808  -0.7225  -0.7162  -0.4722  -0.9127  -0.9218   0.7217  -0.4928  -0.9343  -0.9258   0.9389  -0.0568   0.4077   0.4767  -0.4722  -0.9127   0.2210   0.2805  -0.9343
c_E          -0.9650   0.9977   1.0000   0.8557  -0.3738   0.1821  -0.3381   0.3076   0.9662   0.6584  -0.7169  -0.7568  -0.7525  -0.5169  -0.9263  -0.9297   0.7568  -0.5373  -0.9531  -0.9459   0.9571  -0.0913   0.4536   0.5218  -0.5169  -0.9263   0.2667   0.3237  -0.9531
c_H          -0.8373   0.8889   0.8557   1.0000   0.0432   0.5740   0.1065   0.6132   0.8592   0.5811  -0.3506  -0.3994  -0.3804  -0.1107  -0.7054  -0.7519   0.3938  -0.1298  -0.6887  -0.6732   0.6974   0.1836   0.0464   0.1115  -0.1107  -0.7054  -0.1151  -0.0469  -0.6887
h             0.3349  -0.3253  -0.3738   0.0432   1.0000   0.8283   0.9926   0.1610  -0.1689  -0.6473   0.8726   0.8482   0.8793   0.9619   0.5936   0.5876  -0.8599   0.9575   0.6344   0.6519  -0.6241   0.6540  -0.9547  -0.9642   0.9619   0.5936  -0.8669  -0.8734   0.6344
w            -0.2350   0.2365   0.1821   0.5740   0.8283   1.0000   0.8472   0.3895   0.3526  -0.2100   0.5325   0.4834   0.5066   0.7378   0.0496   0.0334  -0.4898   0.7218   0.1189   0.1414  -0.1059   0.7227  -0.7727  -0.7296   0.7378   0.0496  -0.8230  -0.7879   0.1189
y             0.3152  -0.2854  -0.3381   0.1065   0.9926   0.8472   1.0000   0.2787  -0.1451  -0.5680   0.8489   0.8238   0.8572   0.9427   0.5718   0.5472  -0.8383   0.9409   0.6068   0.6250  -0.5962   0.6366  -0.9423  -0.9556   0.9427   0.5718  -0.8465  -0.8585   0.6068
k            -0.1853   0.3528   0.3076   0.6132   0.1610   0.3895   0.2787   1.0000   0.2668   0.5254  -0.0459  -0.0631  -0.0367   0.0379  -0.1282  -0.2753   0.0378   0.0550  -0.1686  -0.1575   0.1749   0.0207  -0.0972  -0.1216   0.0379  -0.1282  -0.0326  -0.0709  -0.1686
i            -0.9278   0.9682   0.9662   0.8592  -0.1689   0.3526  -0.1451   0.2668   1.0000   0.4567  -0.5732  -0.6206  -0.6048  -0.3411  -0.8215  -0.8104   0.6163  -0.3652  -0.8630  -0.8517   0.8692   0.0137   0.2809   0.3456  -0.3411  -0.8215   0.1175   0.1715  -0.8630
l            -0.6380   0.6592   0.6584   0.5811  -0.6473  -0.2100  -0.5680   0.5254   0.4567   1.0000  -0.6953  -0.7017  -0.7313  -0.6569  -0.7733  -0.8513   0.7096  -0.6527  -0.7363  -0.7397   0.7342  -0.2253   0.5960   0.6405  -0.6569  -0.7733   0.4426   0.4677  -0.7363
lb_E          0.6271  -0.6808  -0.7169  -0.3506   0.8726   0.5325   0.8489  -0.0459  -0.5732  -0.6953   1.0000   0.9982   0.9924   0.9609   0.7869   0.7874  -0.9970   0.9693   0.8797   0.8887  -0.8744   0.6817  -0.9458  -0.9605   0.9609   0.7869  -0.8413  -0.8809   0.8797
phi_E         0.6695  -0.7225  -0.7568  -0.3994   0.8482   0.4834   0.8238  -0.0631  -0.6206  -0.7017   0.9982   1.0000   0.9937   0.9439   0.8151   0.8148  -0.9988   0.9538   0.9052   0.9130  -0.9006   0.6482  -0.9250  -0.9445   0.9439   0.8151  -0.8113  -0.8538   0.9052
mc            0.6826  -0.7162  -0.7525  -0.3804   0.8793   0.5066   0.8572  -0.0367  -0.6048  -0.7313   0.9924   0.9937   1.0000   0.9506   0.8401   0.8370  -0.9968   0.9587   0.9117   0.9203  -0.9065   0.5947  -0.9239  -0.9518   0.9506   0.8401  -0.7948  -0.8301   0.9117
pi            0.4250  -0.4722  -0.5169  -0.1107   0.9619   0.7378   0.9427   0.0379  -0.3411  -0.6569   0.9609   0.9439   0.9506   1.0000   0.6463   0.6503  -0.9447   0.9988   0.7403   0.7544  -0.7320   0.7541  -0.9918  -0.9896   1.0000   0.6463  -0.9289  -0.9394   0.7403
r             0.9544  -0.9127  -0.9263  -0.7054   0.5936   0.0496   0.5718  -0.1282  -0.8215  -0.7733   0.7869   0.8151   0.8401   0.6463   1.0000   0.9873  -0.8307   0.6663   0.9652   0.9645  -0.9653   0.1020  -0.5898  -0.6776   0.6463   1.0000  -0.3403  -0.4134   0.9652
lb_H          0.9367  -0.9218  -0.9297  -0.7519   0.5876   0.0334   0.5472  -0.2753  -0.8104  -0.8513   0.7874   0.8148   0.8370   0.6503   0.9873   1.0000  -0.8264   0.6656   0.9599   0.9586  -0.9604   0.1229  -0.5871  -0.6664   0.6503   0.9873  -0.3578  -0.4202   0.9599
q            -0.6813   0.7217   0.7568   0.3938  -0.8599  -0.4898  -0.8383   0.0378   0.6163   0.7096  -0.9970  -0.9988  -0.9968  -0.9447  -0.8307  -0.8264   1.0000  -0.9553  -0.9097  -0.9178   0.9049  -0.6263   0.9253   0.9500  -0.9447  -0.8307   0.7990   0.8447  -0.9097
varrho        0.4508  -0.4928  -0.5373  -0.1298   0.9575   0.7218   0.9409   0.0550  -0.3652  -0.6527   0.9693   0.9538   0.9587   0.9988   0.6663   0.6656  -0.9553   1.0000   0.7572   0.7710  -0.7491   0.7502  -0.9930  -0.9942   0.9988   0.6663  -0.9193  -0.9387   0.7572
tau           0.9157  -0.9343  -0.9531  -0.6887   0.6344   0.1189   0.6068  -0.1686  -0.8630  -0.7363   0.8797   0.9052   0.9117   0.7403   0.9652   0.9599  -0.9097   0.7572   1.0000   0.9997  -0.9999   0.2860  -0.6875  -0.7491   0.7403   0.9652  -0.4991  -0.5521   1.0000
mu            0.9085  -0.9258  -0.9459  -0.6732   0.6519   0.1414   0.6250  -0.1575  -0.8517  -0.7397   0.8887   0.9130   0.9203   0.7544   0.9645   0.9586  -0.9178   0.7710   0.9997   1.0000  -0.9993   0.2994  -0.7026  -0.7634   0.7544   0.9645  -0.5148  -0.5672   0.9997
e            -0.9197   0.9389   0.9571   0.6974  -0.6241  -0.1059  -0.5962   0.1749   0.8692   0.7342  -0.8744  -0.9006  -0.9065  -0.7320  -0.9653  -0.9604   0.9049  -0.7491  -0.9999  -0.9993   1.0000  -0.2782   0.6786   0.7406  -0.7320  -0.9653   0.4900   0.5433  -0.9999
gy_obs       -0.0829  -0.0568  -0.0913   0.1836   0.6540   0.7227   0.6366   0.0207   0.0137  -0.2253   0.6817   0.6482   0.5947   0.7541   0.1020   0.1229  -0.6263   0.7502   0.2860   0.2994  -0.2782   1.0000  -0.8098  -0.7307   0.7541   0.1020  -0.9194  -0.9303   0.2860
gc_obs       -0.3632   0.4077   0.4536   0.0464  -0.9547  -0.7727  -0.9423  -0.0972   0.2809   0.5960  -0.9458  -0.9250  -0.9239  -0.9918  -0.5898  -0.5871   0.9253  -0.9930  -0.6875  -0.7026   0.6786  -0.8098   1.0000   0.9910  -0.9918  -0.5898   0.9444   0.9685  -0.6875
gi_obs       -0.4587   0.4767   0.5218   0.1115  -0.9642  -0.7296  -0.9556  -0.1216   0.3456   0.6405  -0.9605  -0.9445  -0.9518  -0.9896  -0.6776  -0.6664   0.9500  -0.9942  -0.7491  -0.7634   0.7406  -0.7307   0.9910   1.0000  -0.9896  -0.6776   0.8936   0.9296  -0.7491
pi_obs        0.4250  -0.4722  -0.5169  -0.1107   0.9619   0.7378   0.9427   0.0379  -0.3411  -0.6569   0.9609   0.9439   0.9506   1.0000   0.6463   0.6503  -0.9447   0.9988   0.7403   0.7544  -0.7320   0.7541  -0.9918  -0.9896   1.0000   0.6463  -0.9289  -0.9394   0.7403
r_obs         0.9544  -0.9127  -0.9263  -0.7054   0.5936   0.0496   0.5718  -0.1282  -0.8215  -0.7733   0.7869   0.8151   0.8401   0.6463   1.0000   0.9873  -0.8307   0.6663   0.9652   0.9645  -0.9653   0.1020  -0.5898  -0.6776   0.6463   1.0000  -0.3403  -0.4134   0.9652
l_obs        -0.1127   0.2210   0.2667  -0.1151  -0.8669  -0.8230  -0.8465  -0.0326   0.1175   0.4426  -0.8413  -0.8113  -0.7948  -0.9289  -0.3403  -0.3578   0.7990  -0.9193  -0.4991  -0.5148   0.4900  -0.9194   0.9444   0.8936  -0.9289  -0.3403   1.0000   0.9793  -0.4991
co2_obs      -0.1939   0.2805   0.3237  -0.0469  -0.8734  -0.7879  -0.8585  -0.0709   0.1715   0.4677  -0.8809  -0.8538  -0.8301  -0.9394  -0.4134  -0.4202   0.8447  -0.9387  -0.5521  -0.5672   0.5433  -0.9303   0.9685   0.9296  -0.9394  -0.4134   0.9793   1.0000  -0.5521
e_t           0.9157  -0.9343  -0.9531  -0.6887   0.6344   0.1189   0.6068  -0.1686  -0.8630  -0.7363   0.8797   0.9052   0.9117   0.7403   0.9652   0.9599  -0.9097   0.7572   1.0000   0.9997  -0.9999   0.2860  -0.6875  -0.7491   0.7403   0.9652  -0.4991  -0.5521   1.0000



COEFFICIENTS OF AUTOCORRELATION
Order            1        2        3        4        5
rr          0.6912   0.3233   0.0821  -0.0376  -0.0796
c           0.6676   0.4286   0.2679   0.1656   0.1036
c_E         0.6296   0.3882   0.2382   0.1473   0.0930
