Starting Dynare (version 6.2).
Calling Dynare with arguments: noclearall
Starting preprocessing of the model file ...
Found 39 equation(s).
Evaluating expressions...
Computing static model derivatives (order 1).
Normalizing the static model...
Finding the optimal block decomposition of the static model...
16 block(s) found:
  15 recursive block(s) and 1 simultaneous block(s).
  the largest simultaneous block has 18 equation(s)
                                 and 18 feedback variable(s).
Computing dynamic model derivatives (order 1).
Normalizing the dynamic model...
Finding the optimal block decomposition of the dynamic model...
13 block(s) found:
  12 recursive block(s) and 1 simultaneous block(s).
  the largest simultaneous block has 21 equation(s)
                                 and 19 feedback variable(s).
Preprocessing completed.
Preprocessing time: 0h00m00s.
[Warning: Some of the parameters have no value (chi, A) when using steady. If these parameters are not
initialized in a steadystate file or a steady_state_model-block, Dynare may not be able to solve the model.
Note that simul, perfect_foresight_setup, and perfect_foresight_solver do not automatically call the steady
state file.] 

STEADY-STATE RESULTS:

rr      		 1.00705
c       		 15.9915
c_E     		 5.00029
c_H     		 10.9912
h       		 0.333333
w       		 46.5477
y       		 25
k       		 155.58
i       		 3.8895
l       		 30.5103
lb_E    		 0.666629
phi_E   		 0.0130916
mc      		 0.9
pi      		 1.005
r       		 1.01208
lb_H    		 0.303272
q       		 1
varrho  		 0.886912
tau     		 0.1
mu      		 0.00905975
e       		 2.60273
g       		 5
gy_obs  		 0
gc_obs  		 0
gi_obs  		 0
pi_obs  		 0
r_obs   		 0
l_obs   		 0
co2_obs 		 0
e_a     		 1
e_g     		 1
e_c     		 1
e_m     		 1
e_i     		 1
e_r     		 1
e_t     		 1
e_p     		 1
e_e     		 1
e_mh    		 1


Residuals of the static equations:
Equation number  1: marginal utility of consumption :       0.000000
Equation number  2: Euler                           :       0.000000
Equation number  3: Labor Supply                    :       0.000000
Equation number  4: FOC i                           :       0.000000
Equation number  5: technology                      :       0.000000
Equation number  6: Borrowing constraint            :       0.000000
Equation number  7: Capital law of motion           :       0.000000
Equation number  8: FOC c                           :       0.000000
Equation number  9: FOC l                           :       0.000000
Equation number 10: FOC k                           :       0.000000
Equation number 11: FOC h                           :       0.000000
Equation number 12: NKPC                            :       0.000000
Equation number 13: FOC y                           :       0.000000
Equation number 14: FOC mu                          :       0.000000
Equation number 15: balance sheet                   :       0.000000
Equation number 16: Resources Constraint            :       0.000000
Equation number 17: Total consumption               :       0.000000
Equation number 18: Total emissions                 :       0.000000
Equation number 19: Fisherian equation              :       0.000000
Equation number 20: Monetary Policy rule            :       0.000000
Equation number 21: Public spending                 :       0.000000
Equation number 22: Carbon tax                      :       0.000000
Equation number 23: measurement GDP                 :       0.000000
Equation number 24: measurement consumption         :       0.000000
Equation number 25: measurement investment          :       0.000000
Equation number 26: measurement inflation           :       0.000000
Equation number 27: measurement interest rate       :       0.000000
Equation number 28: measurement corporate loans     :       0.000000
Equation number 29: measurement corporate loans     :       0.000000
Equation number 30: shocks                          :       0.000000
Equation number 31: 31                              :       0.000000
Equation number 32: 32                              :       0.000000
Equation number 33: 33                              :       0.000000
Equation number 34: 34                              :       0.000000
Equation number 35: 35                              :       0.000000
Equation number 36: 36                              :       0.000000
Equation number 37: 37                              :       0.000000
Equation number 38: 38                              :       0.000000
Equation number 39: 39                              :       0.000000



MODEL SUMMARY

  Number of variables:         39
  Number of stochastic shocks: 10
  Number of state variables:   19
  Number of jumpers:           8
  Number of static variables:  15


MATRIX OF COVARIANCE OF EXOGENOUS SHOCKS
Variables       eta_a     eta_g     eta_c     eta_m     eta_i     eta_r     eta_t     eta_p     eta_e    eta_mh
eta_a        0.000000  0.000000  0.000000  0.000000  0.000000  0.000000  0.000000  0.000000  0.000000  0.000000
eta_g        0.000000  0.000000  0.000000  0.000000  0.000000  0.000000  0.000000  0.000000  0.000000  0.000000
eta_c        0.000000  0.000000  0.000000  0.000000  0.000000  0.000000  0.000000  0.000000  0.000000  0.000000
eta_m        0.000000  0.000000  0.000000  0.000000  0.000000  0.000000  0.000000  0.000000  0.000000  0.000000
eta_i        0.000000  0.000000  0.000000  0.000000  0.000000  0.000000  0.000000  0.000000  0.000000  0.000000
eta_r        0.000000  0.000000  0.000000  0.000000  0.000000  0.000000  0.000000  0.000000  0.000000  0.000000
eta_t        0.000000  0.000000  0.000000  0.000000  0.000000  0.000000  1.000000  0.000000  0.000000  0.000000
eta_p        0.000000  0.000000  0.000000  0.000000  0.000000  0.000000  0.000000  0.000000  0.000000  0.000000
eta_e        0.000000  0.000000  0.000000  0.000000  0.000000  0.000000  0.000000  0.000000  0.000000  0.000000
eta_mh       0.000000  0.000000  0.000000  0.000000  0.000000  0.000000  0.000000  0.000000  0.000000  0.000000

POLICY AND TRANSITION FUNCTIONS
                                  rr               c             c_E             c_H               h               w               y               k               i               l            lb_E           phi_E              mc              pi               r            lb_H               q          varrho             tau              mu               e               g          gy_obs          gc_obs          gi_obs          pi_obs           r_obs           l_obs         co2_obs             e_a             e_g             e_c             e_m             e_i             e_r             e_t             e_p             e_e            e_mh
Constant                    1.007049       15.991520        5.000286       10.991235        0.333333       46.547652       25.000000      155.580050        3.889501       30.510301        0.666629        0.013092        0.900000        1.005000        1.012085        0.303272        1.000000        0.886912        0.100000        0.009060        2.602732        5.000000               0               0               0               0               0               0               0        1.000000        1.000000        1.000000        1.000000        1.000000        1.000000        1.000000        1.000000        1.000000        1.000000
c(-1)                              0               0               0               0               0               0               0               0               0               0               0               0               0               0               0               0               0               0               0               0               0               0               0       -0.062533               0               0               0               0               0               0               0               0               0               0               0               0               0               0               0
c_E(-1)                     0.000546        0.242151        0.248719       -0.006568        0.000806        0.019837        0.042315       -0.199876       -0.199876        0.033416        0.200546        0.295667        0.007566        0.000577        0.000174        0.000604       -0.237792        0.007575               0       -0.000025        0.003589               0        0.001693        0.015142       -0.051389        0.000577        0.000174        0.001095        0.001379               0               0               0               0               0               0               0               0               0               0
c_H(-1)                    -0.000613        0.577731       -0.090522        0.668253        0.010246        0.982571        0.537896       -0.040346       -0.040346       -0.036590        0.040228        0.059364        0.028101        0.005800        0.001752        0.002920       -0.047245        0.028216               0       -0.000312        0.045619               0        0.021516        0.036127       -0.010373        0.005800        0.001752       -0.001199        0.017527               0               0               0               0               0               0               0               0               0               0
k(-1)                       0.000111        0.063499        0.057975        0.005524        0.000606        0.162606        0.080023        0.991448        0.016448        0.076740       -0.025764       -0.037498        0.001024        0.000027        0.000008       -0.000508        0.026642        0.001041               0       -0.000046        0.006787               0        0.003201        0.003971        0.004229        0.000027        0.000008        0.002515        0.002608               0               0               0               0               0               0               0               0               0               0
l(-1)                       0.000168       -0.232622       -0.244409        0.011787       -0.006138       -0.690766       -0.322258       -0.089330       -0.089330        0.558804        0.108614        0.182499       -0.013947       -0.002690       -0.000813       -0.001084       -0.131336       -0.014016               0        0.000187       -0.027331               0       -0.012890       -0.014547       -0.022967       -0.002690       -0.000813       -0.014461       -0.010501               0               0               0               0               0               0               0               0               0               0
r(-1)                       1.045968      -15.387934       -8.430738       -6.957196       -0.357033     -148.069147      -18.744255       -3.338480       -3.338480       -2.257305        3.746567        6.141629       -2.966135       -0.868800        0.537523        0.639880       -5.240082       -2.970147               0        0.010868       -1.589707               0       -0.749770       -0.962256       -0.858331       -0.868800        0.537523       -0.073985       -0.610784               0               0               0               0               0               0               0               0               0               0
e(-1)                              0               0               0               0               0               0               0               0               0               0               0               0               0               0               0               0               0               0               0               0               0               0               0               0               0               0               0               0       -0.384212               0               0               0               0               0               0               0               0               0               0
e_a(-1)                     0.050410       11.653821        8.499474        3.154348       -0.138187       25.231822       16.495185        4.825663        4.825663        4.299188       -3.777112       -5.348841       -0.594198       -0.174513       -0.052723       -0.290118        4.460833       -0.590667               0       -0.009564        1.398962               0        0.659807        0.728750        1.240689       -0.174513       -0.052723        0.140909        0.537498        0.950000               0               0               0               0               0               0               0               0               0
e_g(-1)                    -0.015045       -0.265227        0.320219       -0.585445        0.089391        4.218282        4.693011        0.203771        0.203771        0.019290       -0.142303       -0.217730        0.145897        0.046544        0.014062        0.053846        0.191547        0.146902               0       -0.002721        0.398016        4.750000        0.187720       -0.016585        0.052390        0.046544        0.014062        0.000632        0.152922               0        0.950000               0               0               0               0               0               0               0               0
e_c(-1)                    -0.026248        3.885509        1.873046        2.012463        0.079093       -4.766334        4.152391        0.262929        0.262929       -0.759224       -0.199073       -0.694885       -0.043975        0.028614        0.008645        0.103014        0.551229       -0.043086               0       -0.002408        0.352166               0        0.166096        0.242973        0.067600        0.028614        0.008645       -0.024884        0.135306               0               0        0.950000               0               0               0               0               0               0               0
e_m(-1)                     0.002368        5.943316        6.115883       -0.172568        0.153689       19.025476        8.068658        2.117663        2.117663       11.812287       -2.717860       -4.851898        0.375914        0.062945        0.019017        0.015872        3.410353        0.377641               0       -0.004678        0.684306               0        0.322746        0.371654        0.544456        0.062945        0.019017        0.387157        0.262918               0               0               0        0.950000               0               0               0               0               0               0
e_r(-1)                     0.650868       -5.315324        0.450773       -5.766097       -0.100993      -95.500569       -5.302111        0.018260        0.018260      -10.067038       -0.200321       -0.103023       -1.901417       -0.678594        0.199821        0.530330       -0.358429       -1.902552               0        0.003074       -0.449674               0       -0.212084       -0.332384        0.004695       -0.678594        0.199821       -0.329955       -0.172770               0               0               0               0               0        0.400000               0               0               0               0
e_t(-1)                    -0.000015       -0.008876       -0.010298        0.001422       -0.001156       -0.141329       -0.060681       -0.004157       -0.004157        0.013066        0.004576        0.007139       -0.001955       -0.000324       -0.000098       -0.000131       -0.005550       -0.003457        0.040000       -0.007213        0.013890               0       -0.002427       -0.000555       -0.001069       -0.000324       -0.000098        0.000428        0.005337               0               0               0               0               0               0        0.400000               0               0               0
e_p(-1)                            0               0               0               0               0               0               0               0               0               0               0               0               0               0               0               0               0               0               0               0               0               0               0               0               0               0               0               0               0               0               0               0               0               0               0               0        0.900000               0               0
e_e(-1)                     0.000926       -0.154257       -0.172479        0.018222       -0.004546       -0.377620       -0.238680       -0.084196       -0.084196       -0.038746        0.076649        0.104757       -0.008451       -0.002772       -0.000837       -0.001676       -0.086615       -0.008502               0        0.000138        2.322216               0       -0.009547       -0.009646       -0.021647       -0.002772       -0.000837       -0.001270        0.892223               0               0               0               0               0               0               0               0        0.900000               0
e_mh(-1)                   -0.000123       -0.061192       -0.061920        0.000728       -0.001522       -0.202309       -0.079924       -0.018656       -0.018656       -0.125189        0.027517        0.050843       -0.003665       -0.000475       -0.000143       -0.000067       -0.034457       -0.003682               0        0.000046       -0.006778               0       -0.003197       -0.003826       -0.004797       -0.000475       -0.000143       -0.004103       -0.002604               0               0               0               0               0               0               0               0               0        0.900000
y(-1)                              0               0               0               0               0               0               0               0               0               0               0               0               0               0               0               0               0               0               0               0               0               0       -0.040000               0               0               0               0               0               0               0               0               0               0               0               0               0               0               0               0
i(-1)                      -0.000146       -0.652305       -0.659476        0.007170       -0.001793       -0.149112       -0.094115        0.558280        0.558280       -0.176315        0.293067        0.434878        0.005387        0.001151        0.000348       -0.000659       -0.362246        0.005367               0        0.000055       -0.007982               0       -0.003765       -0.040791       -0.113567        0.001151        0.000348       -0.005779       -0.003067               0               0               0               0               0               0               0               0               0               0
e_i(-1)                    -0.016260       -4.992403       -5.349546        0.357143       -0.104598       -9.564773       -5.491412        3.201245       -0.493782       -8.132874        2.377305        3.420964       -0.188735       -0.010726       -0.003240       -0.032848       -3.064149       -0.189911               0        0.003184       -0.465729               0       -0.219656       -0.312191       -0.126952       -0.010726       -0.003240       -0.266562       -0.178938               0               0               0               0        0.950000               0               0               0               0               0
eta_a                       0.053063       12.267180        8.946814        3.320366       -0.145460       26.559813       17.363353        5.079646        5.079646        4.525461       -3.975908       -5.630359       -0.625471       -0.183698       -0.055498       -0.305387        4.695613       -0.621755               0       -0.010068        1.472592               0        0.694534        0.767105        1.305989       -0.183698       -0.055498        0.148326        0.565787        1.000000               0               0               0               0               0               0               0               0               0
eta_g                      -0.015837       -0.279186        0.337072       -0.616258        0.094095        4.440297        4.940012        0.214495        0.214495        0.020305       -0.149793       -0.229190        0.153576        0.048994        0.014802        0.056680        0.201628        0.154634               0       -0.002864        0.418964        5.000000        0.197600       -0.017458        0.055147        0.048994        0.014802        0.000666        0.160971               0        1.000000               0               0               0               0               0               0               0               0
eta_c                      -0.027630        4.090010        1.971627        2.118382        0.083256       -5.017194        4.370938        0.276768        0.276768       -0.799183       -0.209550       -0.731457       -0.046289        0.030120        0.009100        0.108436        0.580241       -0.045353               0       -0.002534        0.370701               0        0.174838        0.255761        0.071158        0.030120        0.009100       -0.026194        0.142428               0               0        1.000000               0               0               0               0               0               0               0
eta_m                       0.002493        6.256122        6.437772       -0.181650        0.161778       20.026817        8.493324        2.229119        2.229119       12.433986       -2.860905       -5.107261        0.395699        0.066258        0.020017        0.016707        3.589845        0.397517               0       -0.004925        0.720322               0        0.339733        0.391215        0.573112        0.066258        0.020017        0.407534        0.276756               0               0               0        1.000000               0               0               0               0               0               0
eta_i                      -0.017116       -5.255161       -5.631102        0.375940       -0.110103      -10.068182       -5.780433        3.369731       -0.519770       -8.560920        2.502426        3.601014       -0.198669       -0.011290       -0.003411       -0.034577       -3.225420       -0.199906               0        0.003352       -0.490241               0       -0.231217       -0.328622       -0.133634       -0.011290       -0.003411       -0.280591       -0.188356               0               0               0               0        1.000000               0               0               0               0               0
eta_r                       1.627170      -13.288310        1.126932      -14.415242       -0.252481     -238.751423      -13.255277        0.045650        0.045650      -25.167594       -0.500801       -0.257557       -4.753542       -1.696485        0.499551        1.325826       -0.896072       -4.756379               0        0.007686       -1.124185               0       -0.530211       -0.830960        0.011737       -1.696485        0.499551       -0.824888       -0.431925               0               0               0               0               0        1.000000               0               0               0               0
eta_t                      -0.000037       -0.022189       -0.025744        0.003555       -0.002890       -0.353323       -0.151703       -0.010391       -0.010391        0.032665        0.011441        0.017847       -0.004889       -0.000810       -0.000245       -0.000327       -0.013875       -0.008643        0.100000       -0.018032        0.034725               0       -0.006068       -0.001388       -0.002672       -0.000810       -0.000245        0.001071        0.013342               0               0               0               0               0               0        1.000000               0               0               0
eta_p                              0               0               0               0               0               0               0               0               0               0               0               0               0               0               0               0               0               0               0               0               0               0               0               0               0               0               0               0               0               0               0               0               0               0               0               0        1.000000               0               0
eta_e                       0.001029       -0.171396       -0.191643        0.020247       -0.005051       -0.419577       -0.265200       -0.093552       -0.093552       -0.043051        0.085165        0.116397       -0.009390       -0.003080       -0.000931       -0.001862       -0.096238       -0.009447               0        0.000154        2.580240               0       -0.010608       -0.010718       -0.024052       -0.003080       -0.000931       -0.001411        0.991358               0               0               0               0               0               0               0               0        1.000000               0
eta_mh                     -0.000137       -0.067991       -0.068800        0.000809       -0.001692       -0.224788       -0.088804       -0.020729       -0.020729       -0.139099        0.030574        0.056493       -0.004072       -0.000528       -0.000159       -0.000074       -0.038286       -0.004091               0        0.000051       -0.007532               0       -0.003552       -0.004252       -0.005330       -0.000528       -0.000159       -0.004559       -0.002894               0               0               0               0               0               0               0               0               0        1.000000


THEORETICAL MOMENTS
VARIABLE         MEAN  STD. DEV.   VARIANCE
rr             1.0070     0.0005     0.0000
c             15.9915     0.0255     0.0007
c_E            5.0003     0.0339     0.0011
c_H           10.9912     0.0140     0.0002
h              0.3333     0.0032     0.0000
w             46.5477     0.3767     0.1419
y             25.0000     0.1681     0.0283
k            155.5801     0.1196     0.0143
i              3.8895     0.0143     0.0002
l             30.5103     0.0566     0.0032
lb_E           0.6666     0.0115     0.0001
phi_E          0.0131     0.0178     0.0003
mc             0.9000     0.0053     0.0000
pi             1.0050     0.0008     0.0000
r              1.0121     0.0004     0.0000
lb_H           0.3033     0.0005     0.0000
q              1.0000     0.0139     0.0002
varrho         0.8869     0.0093     0.0001
tau            0.1000     0.1091     0.0119
mu             0.0091     0.0197     0.0004
e              2.6027     0.0377     0.0014
g              5.0000     0.0000     0.0000
gy_obs         0.0000     0.0072     0.0001
gc_obs         0.0000     0.0016     0.0000
gi_obs         0.0000     0.0029     0.0000
pi_obs         0.0000     0.0008     0.0000
r_obs          0.0000     0.0004     0.0000
l_obs          0.0000     0.0012     0.0000
co2_obs        0.0000     0.0160     0.0003
e_a            1.0000     0.0000     0.0000
e_g            1.0000     0.0000     0.0000
e_c            1.0000     0.0000     0.0000
e_m            1.0000     0.0000     0.0000
e_i            1.0000     0.0000     0.0000
e_r            1.0000     0.0000     0.0000
e_t            1.0000     1.0911     1.1905
e_p            1.0000     0.0000     0.0000
e_e            1.0000     0.0000     0.0000
e_mh           1.0000     0.0000     0.0000



VARIANCE DECOMPOSITION (in percent)
            eta_a   eta_g   eta_c   eta_m   eta_i   eta_r   eta_t   eta_p   eta_e  eta_mh
rr           0.00    0.00    0.00    0.00    0.00    0.00  100.00    0.00    0.00    0.00
c            0.00    0.00    0.00    0.00    0.00    0.00  100.00    0.00    0.00    0.00
c_E          0.00    0.00    0.00    0.00    0.00    0.00  100.00    0.00    0.00    0.00
c_H          0.00    0.00    0.00    0.00    0.00    0.00  100.00    0.00    0.00    0.00
h            0.00    0.00    0.00    0.00    0.00    0.00  100.00    0.00    0.00    0.00
w            0.00    0.00    0.00    0.00    0.00    0.00  100.00    0.00    0.00    0.00
y            0.00    0.00    0.00    0.00    0.00    0.00  100.00    0.00    0.00    0.00
k            0.00    0.00    0.00    0.00    0.00    0.00  100.00    0.00    0.00    0.00
i            0.00    0.00    0.00    0.00    0.00    0.00  100.00    0.00    0.00    0.00
l            0.00    0.00    0.00    0.00    0.00    0.00  100.00    0.00    0.00    0.00
lb_E         0.00    0.00    0.00    0.00    0.00    0.00  100.00    0.00    0.00    0.00
phi_E        0.00    0.00    0.00    0.00    0.00    0.00  100.00    0.00    0.00    0.00
mc           0.00    0.00    0.00    0.00    0.00    0.00  100.00    0.00    0.00    0.00
pi           0.00    0.00    0.00    0.00    0.00    0.00  100.00    0.00    0.00    0.00
r            0.00    0.00    0.00    0.00    0.00    0.00  100.00    0.00    0.00    0.00
lb_H         0.00    0.00    0.00    0.00    0.00    0.00  100.00    0.00    0.00    0.00
q            0.00    0.00    0.00    0.00    0.00    0.00  100.00    0.00    0.00    0.00
varrho       0.00    0.00    0.00    0.00    0.00    0.00  100.00    0.00    0.00    0.00
tau          0.00    0.00    0.00    0.00    0.00    0.00  100.00    0.00    0.00    0.00
mu           0.00    0.00    0.00    0.00    0.00    0.00  100.00    0.00    0.00    0.00
e            0.00    0.00    0.00    0.00    0.00    0.00  100.00    0.00    0.00    0.00
g            0.00    0.00    0.00    0.00    0.00    0.00  100.00    0.00    0.00    0.00
gy_obs       0.00    0.00    0.00    0.00    0.00    0.00  100.00    0.00    0.00    0.00
gc_obs       0.00    0.00    0.00    0.00    0.00    0.00  100.00    0.00    0.00    0.00
gi_obs       0.00    0.00    0.00    0.00    0.00    0.00  100.00    0.00    0.00    0.00
pi_obs       0.00    0.00    0.00    0.00    0.00    0.00  100.00    0.00    0.00    0.00
r_obs        0.00    0.00    0.00    0.00    0.00    0.00  100.00    0.00    0.00    0.00
l_obs        0.00    0.00    0.00    0.00    0.00    0.00  100.00    0.00    0.00    0.00
co2_obs      0.00    0.00    0.00    0.00    0.00    0.00  100.00    0.00    0.00    0.00
e_a          0.00    0.00    0.00    0.00    0.00    0.00  100.00    0.00    0.00    0.00
e_g          0.00    0.00    0.00    0.00    0.00    0.00  100.00    0.00    0.00    0.00
e_c          0.00    0.00    0.00    0.00    0.00    0.00  100.00    0.00    0.00    0.00
e_m          0.00    0.00    0.00    0.00    0.00    0.00  100.00    0.00    0.00    0.00
e_i          0.00    0.00    0.00    0.00    0.00    0.00  100.00    0.00    0.00    0.00
e_r          0.00    0.00    0.00    0.00    0.00    0.00  100.00    0.00    0.00    0.00
e_t          0.00    0.00    0.00    0.00    0.00    0.00  100.00    0.00    0.00    0.00
e_p          0.00    0.00    0.00    0.00    0.00    0.00  100.00    0.00    0.00    0.00
e_e          0.00    0.00    0.00    0.00    0.00    0.00  100.00    0.00    0.00    0.00
e_mh         0.00    0.00    0.00    0.00    0.00    0.00  100.00    0.00    0.00    0.00



MATRIX OF CORRELATIONS
Variables         rr        c      c_E      c_H        h        w        y        k        i        l     lb_E    phi_E       mc       pi        r     lb_H        q   varrho      tau       mu        e   gy_obs   gc_obs   gi_obs   pi_obs    r_obs    l_obs  co2_obs      e_t
rr            1.0000   0.3826   0.6747  -0.9373   0.4162   0.3158   0.4269   0.4207   0.7165  -0.7538  -0.0078  -0.0794   0.3032   0.0954   0.8527   0.7994  -0.0247   0.3455  -0.3983   0.3981  -0.3873  -0.3870  -0.4075  -0.3210   0.0954   0.8527   0.2900   0.3871  -0.3983
c             0.3826   1.0000   0.9275  -0.4221   0.9761   0.9767   0.9799   0.2886   0.8755  -0.7445  -0.8442  -0.8714   0.9743   0.9298   0.7888   0.8083   0.8303   0.9762  -0.9750   0.9750  -0.9727   0.4997   0.5120   0.6502   0.9298   0.7888  -0.7472  -0.4779  -0.9750
c_E           0.6747   0.9275   1.0000  -0.7304   0.9443   0.9088   0.9510   0.3816   0.9844  -0.8837  -0.7157  -0.7629   0.8985   0.7863   0.9488   0.9447   0.6924   0.9182  -0.9398   0.9398  -0.9352   0.3147   0.3168   0.4408   0.7863   0.9488  -0.5027  -0.2990  -0.9398
c_H          -0.9373  -0.4221  -0.7304   1.0000  -0.5064  -0.4193  -0.5157  -0.3981  -0.7875   0.7829   0.1930   0.2579  -0.3987  -0.2080  -0.8598  -0.8141  -0.1620  -0.4429   0.4977  -0.4976   0.4906   0.1500   0.1673   0.1190  -0.2080  -0.8598  -0.1463  -0.1483   0.4977
h             0.4162   0.9761   0.9443  -0.5064   1.0000   0.9936   0.9994   0.1723   0.9261  -0.8269  -0.8739  -0.9064   0.9923   0.9440   0.8275   0.8597   0.8635   0.9970  -0.9994   0.9994  -0.9990   0.5383   0.5472   0.6774   0.9440   0.8275  -0.7491  -0.5184  -0.9994
w             0.3158   0.9767   0.9088  -0.4193   0.9936   1.0000   0.9928   0.1612   0.8802  -0.7617  -0.9148  -0.9393   0.9985   0.9719   0.7602   0.7964   0.9066   0.9990  -0.9958   0.9958  -0.9965   0.6132   0.6253   0.7474   0.9719   0.7602  -0.8157  -0.5926  -0.9958
y             0.4269   0.9799   0.9510  -0.5157   0.9994   0.9928   1.0000   0.2058   0.9287  -0.8211  -0.8716  -0.9040   0.9900   0.9385   0.8321   0.8600   0.8597   0.9956  -0.9991   0.9991  -0.9984   0.5333   0.5424   0.6705   0.9385   0.8321  -0.7409  -0.5136  -0.9991
k             0.4207   0.2886   0.3816  -0.3981   0.1723   0.1612   0.2058   1.0000   0.2662  -0.0113  -0.0853  -0.0881   0.1178   0.0090   0.3118   0.1929   0.0402   0.1455  -0.1803   0.1802  -0.1705  -0.0668  -0.0628  -0.0951   0.0090   0.3118   0.1220   0.0644  -0.1803
i             0.7165   0.8755   0.9844  -0.7875   0.9261   0.8802   0.9287   0.2662   1.0000  -0.9443  -0.6753  -0.7295   0.8737   0.7543   0.9702   0.9764   0.6555   0.8953  -0.9195   0.9195  -0.9156   0.2717   0.2713   0.3962   0.7543   0.9702  -0.4527  -0.2569  -0.9195
l            -0.7538  -0.7445  -0.8837   0.7829  -0.8269  -0.7617  -0.8211  -0.0113  -0.9443   1.0000   0.5141   0.5801  -0.7686  -0.6434  -0.9526  -0.9816  -0.5032  -0.7890   0.8122  -0.8121   0.8084  -0.1048  -0.0970  -0.2442  -0.6434  -0.9526   0.3198   0.0911   0.8122
lb_E         -0.0078  -0.8442  -0.7157   0.1930  -0.8739  -0.9148  -0.8716  -0.0853  -0.6753   0.5141   1.0000   0.9969  -0.9063  -0.9425  -0.4956  -0.5408  -0.9989  -0.8995   0.8876  -0.8877   0.8932  -0.8791  -0.8835  -0.9416  -0.9425  -0.4956   0.9196   0.8670   0.8876
phi_E        -0.0794  -0.8714  -0.7629   0.2579  -0.9064  -0.9393  -0.9040  -0.0881  -0.7295   0.5801   0.9969   1.0000  -0.9315  -0.9536  -0.5600  -0.6048  -0.9945  -0.9271   0.9182  -0.9182   0.9231  -0.8436  -0.8471  -0.9155  -0.9536  -0.5600   0.9013   0.8308   0.9182
mc            0.3032   0.9743   0.8985  -0.3987   0.9923   0.9985   0.9900   0.1178   0.8737  -0.7686  -0.9063  -0.9315   1.0000   0.9772   0.7544   0.7962   0.9001   0.9987  -0.9934   0.9934  -0.9942   0.6011   0.6143   0.7435   0.9772   0.7544  -0.8227  -0.5794  -0.9934
pi            0.0954   0.9298   0.7863  -0.2080   0.9440   0.9719   0.9385   0.0090   0.7543  -0.6434  -0.9425  -0.9536   0.9772   1.0000   0.6002   0.6582   0.9439   0.9663  -0.9486   0.9487  -0.9521   0.7108   0.7286   0.8463   1.0000   0.6002  -0.9231  -0.6882  -0.9486
r             0.8527   0.7888   0.9488  -0.8598   0.8275   0.7602   0.8321   0.3118   0.9702  -0.9526  -0.4956  -0.5600   0.7544   0.6002   1.0000   0.9911   0.4715   0.7822  -0.8148   0.8148  -0.8080   0.0573   0.0493   0.1832   0.6002   1.0000  -0.2494  -0.0453  -0.8148
lb_H          0.7994   0.8083   0.9447  -0.8141   0.8597   0.7964   0.8600   0.1929   0.9764  -0.9816  -0.5408  -0.6048   0.7962   0.6582   0.9911   1.0000   0.5224   0.8196  -0.8464   0.8464  -0.8409   0.1092   0.1020   0.2468   0.6582   0.9911  -0.3217  -0.0956  -0.8464
q            -0.0247   0.8303   0.6924  -0.1620   0.8635   0.9066   0.8597   0.0402   0.6555  -0.5032  -0.9989  -0.9945   0.9001   0.9439   0.4715   0.5224   1.0000   0.8914  -0.8771   0.8772  -0.8833   0.8889   0.8937   0.9524   0.9439   0.4715  -0.9321  -0.8765  -0.8771
varrho        0.3455   0.9762   0.9182  -0.4429   0.9970   0.9990   0.9956   0.1455   0.8953  -0.7890  -0.8995  -0.9271   0.9987   0.9663   0.7822   0.8196   0.8914   1.0000  -0.9979   0.9979  -0.9983   0.5848   0.5963   0.7239   0.9663   0.7822  -0.7973  -0.5640  -0.9979
tau          -0.3983  -0.9750  -0.9398   0.4977  -0.9994  -0.9958  -0.9991  -0.1803  -0.9195   0.8122   0.8876   0.9182  -0.9934  -0.9486  -0.8148  -0.8464  -0.8771  -0.9979   1.0000  -1.0000   0.9999  -0.5620  -0.5713  -0.6962  -0.9486  -0.8148   0.7620   0.5424   1.0000
mu            0.3981   0.9750   0.9398  -0.4976   0.9994   0.9958   0.9991   0.1802   0.9195  -0.8121  -0.8877  -0.9182   0.9934   0.9487   0.8148   0.8464   0.8772   0.9979  -1.0000   1.0000  -0.9999   0.5622   0.5715   0.6964   0.9487   0.8148  -0.7621  -0.5425  -1.0000
e            -0.3873  -0.9727  -0.9352   0.4906  -0.9990  -0.9965  -0.9984  -0.1705  -0.9156   0.8084   0.8932   0.9231  -0.9942  -0.9521  -0.8080  -0.8409  -0.8833  -0.9983   0.9999  -0.9999   1.0000  -0.5726  -0.5820  -0.7057  -0.9521  -0.8080   0.7696   0.5530   0.9999
gy_obs       -0.3870   0.4997   0.3147   0.1500   0.5383   0.6132   0.5333  -0.0668   0.2717  -0.1048  -0.8791  -0.8436   0.6011   0.7108   0.0573   0.1092   0.8889   0.5848  -0.5620   0.5622  -0.5726   1.0000   0.9965   0.9715   0.7108   0.0573  -0.8584  -0.9992  -0.5620
gc_obs       -0.4075   0.5120   0.3168   0.1673   0.5472   0.6253   0.5424  -0.0628   0.2713  -0.0970  -0.8835  -0.8471   0.6143   0.7286   0.0493   0.1020   0.8937   0.5963  -0.5713   0.5715  -0.5820   0.9965   1.0000   0.9774   0.7286   0.0493  -0.8814  -0.9930  -0.5713
gi_obs       -0.3210   0.6502   0.4408   0.1190   0.6774   0.7474   0.6705  -0.0951   0.3962  -0.2442  -0.9416  -0.9155   0.7435   0.8463   0.1832   0.2468   0.9524   0.7239  -0.6962   0.6964  -0.7057   0.9715   0.9774   1.0000   0.8463   0.1832  -0.9531  -0.9622  -0.6962
pi_obs        0.0954   0.9298   0.7863  -0.2080   0.9440   0.9719   0.9385   0.0090   0.7543  -0.6434  -0.9425  -0.9536   0.9772   1.0000   0.6002   0.6582   0.9439   0.9663  -0.9486   0.9487  -0.9521   0.7108   0.7286   0.8463   1.0000   0.6002  -0.9231  -0.6882  -0.9486
r_obs         0.8527   0.7888   0.9488  -0.8598   0.8275   0.7602   0.8321   0.3118   0.9702  -0.9526  -0.4956  -0.5600   0.7544   0.6002   1.0000   0.9911   0.4715   0.7822  -0.8148   0.8148  -0.8080   0.0573   0.0493   0.1832   0.6002   1.0000  -0.2494  -0.0453  -0.8148
l_obs         0.2900  -0.7472  -0.5027  -0.1463  -0.7491  -0.8157  -0.7409   0.1220  -0.4527   0.3198   0.9196   0.9013  -0.8227  -0.9231  -0.2494  -0.3217  -0.9321  -0.7973   0.7620  -0.7621   0.7696  -0.8584  -0.8814  -0.9531  -0.9231  -0.2494   1.0000   0.8382   0.7620
co2_obs       0.3871  -0.4779  -0.2990  -0.1483  -0.5184  -0.5926  -0.5136   0.0644  -0.2569   0.0911   0.8670   0.8308  -0.5794  -0.6882  -0.0453  -0.0956  -0.8765  -0.5640   0.5424  -0.5425   0.5530  -0.9992  -0.9930  -0.9622  -0.6882  -0.0453   0.8382   1.0000   0.5424
e_t          -0.3983  -0.9750  -0.9398   0.4977  -0.9994  -0.9958  -0.9991  -0.1803  -0.9195   0.8122   0.8876   0.9182  -0.9934  -0.9486  -0.8148  -0.8464  -0.8771  -0.9979   1.0000  -1.0000   0.9999  -0.5620  -0.5713  -0.6962  -0.9486  -0.8148   0.7620   0.5424   1.0000



COEFFICIENTS OF AUTOCORRELATION
Order            1        2        3        4        5
rr          0.8440   0.5979   0.3824   0.2251   0.1212
c           0.4758   0.1781   0.0351  -0.0175  -0.0232
c_E         0.6491   0.4209   0.2772   0.1877   0.1320
