Starting Dynare (version 6.2).
Calling Dynare with arguments: noclearall
Starting preprocessing of the model file ... 
Found 39 equation(s). 
Evaluating expressions... 
Computing static model derivatives (order 1). 
Normalizing the static model... 
Finding the optimal block decomposition of the static model... 
16 block(s) found: 
  15 recursive block(s) and 1 simultaneous block(s). 
  the largest simultaneous block has 18 equation(s) 
                                 and 18 feedback variable(s). 
Computing dynamic model derivatives (order 1). 
Normalizing the dynamic model... 
Finding the optimal block decomposition of the dynamic model... 
13 block(s) found: 
  12 recursive block(s) and 1 simultaneous block(s). 
  the largest simultaneous block has 21 equation(s) 
                                 and 19 feedback variable(s). 
Preprocessing completed. 
Preprocessing time: 0h00m00s.
[Warning: Some of the parameters have no value (chi, A) when using steady. If these parameters are not initialized in a steadystate file or
a steady_state_model-block, Dynare may not be able to solve the model. Note that simul, perfect_foresight_setup, and
perfect_foresight_solver do not automatically call the steady state file.] 

STEADY-STATE RESULTS:

rr      		 1.00705
c       		 12.0505
c_E     		 3.23168
c_H     		 8.81881
h       		 0.333333
w       		 39.211
y       		 25
k       		 161.194
i       		 4.02986
l       		 126.746
lb_E    		 1.03145
phi_E   		 0.0130916
mc      		 0.9
pi      		 1.005
r       		 1.01208
lb_H    		 0.37798
q       		 1
varrho  		 0.747854
tau     		 0.1
mu      		 1.55203
e       		 -1.44991
g       		 5
gy_obs  		 0
gc_obs  		 0
gi_obs  		 0
pi_obs  		 0
r_obs   		 0
l_obs   		 0
co2_obs 		 0
e_a     		 1
e_g     		 1
e_c     		 1
e_m     		 1
e_i     		 1
e_r     		 1
e_t     		 1
e_p     		 1
e_e     		 1
e_mh    		 1


Residuals of the static equations:
Equation number  1: marginal utility of consumption :       0.000000
Equation number  2: Euler                           :       0.000000
Equation number  3: Labor Supply                    :       0.000000
Equation number  4: FOC i                           :       0.000000
Equation number  5: technology                      :       0.000000
Equation number  6: Borrowing constraint            :       0.000000
Equation number  7: Capital law of motion           :       0.000000
Equation number  8: FOC c                           :       0.000000
Equation number  9: FOC l                           :       0.000000
Equation number 10: FOC k                           :       0.000000
Equation number 11: FOC h                           :       0.000000
Equation number 12: NKPC                            :       0.000000
Equation number 13: FOC y                           :       0.000000
Equation number 14: FOC mu                          :       0.000000
Equation number 15: balance sheet                   :       0.000000
Equation number 16: Resources Constraint            :       0.000000
Equation number 17: Total consumption               :       0.000000
Equation number 18: Total emissions                 :       0.000000
Equation number 19: Fisherian equation              :       0.000000
Equation number 20: Monetary Policy rule            :       0.000000
Equation number 21: Public spending                 :       0.000000
Equation number 22: Carbon tax                      :       0.000000
Equation number 23: measurement GDP                 :       0.000000
Equation number 24: measurement consumption         :       0.000000
Equation number 25: measurement investment          :       0.000000
Equation number 26: measurement inflation           :       0.000000
Equation number 27: measurement interest rate       :       0.000000
Equation number 28: measurement corporate loans     :       0.000000
Equation number 29: measurement corporate loans     :       0.000000
Equation number 30: shocks                          :       0.000000
Equation number 31: 31                              :       0.000000
Equation number 32: 32                              :       0.000000
Equation number 33: 33                              :       0.000000
Equation number 34: 34                              :       0.000000
Equation number 35: 35                              :       0.000000
Equation number 36: 36                              :       0.000000
Equation number 37: 37                              :       0.000000
Equation number 38: 38                              :       0.000000
Equation number 39: 39                              :       0.000000



MODEL SUMMARY

  Number of variables:         39
  Number of stochastic shocks: 10
  Number of state variables:   19
  Number of jumpers:           8
  Number of static variables:  15


MATRIX OF COVARIANCE OF EXOGENOUS SHOCKS
Variables       eta_a     eta_g     eta_c     eta_m     eta_i     eta_r     eta_t     eta_p     eta_e    eta_mh
eta_a        0.000000  0.000000  0.000000  0.000000  0.000000  0.000000  0.000000  0.000000  0.000000  0.000000
eta_g        0.000000  0.000000  0.000000  0.000000  0.000000  0.000000  0.000000  0.000000  0.000000  0.000000
eta_c        0.000000  0.000000  0.000000  0.000000  0.000000  0.000000  0.000000  0.000000  0.000000  0.000000
eta_m        0.000000  0.000000  0.000000  1.000000  0.000000  0.000000  0.000000  0.000000  0.000000  0.000000
eta_i        0.000000  0.000000  0.000000  0.000000  0.000000  0.000000  0.000000  0.000000  0.000000  0.000000
eta_r        0.000000  0.000000  0.000000  0.000000  0.000000  0.000000  0.000000  0.000000  0.000000  0.000000
eta_t        0.000000  0.000000  0.000000  0.000000  0.000000  0.000000  0.000000  0.000000  0.000000  0.000000
eta_p        0.000000  0.000000  0.000000  0.000000  0.000000  0.000000  0.000000  0.000000  0.000000  0.000000
eta_e        0.000000  0.000000  0.000000  0.000000  0.000000  0.000000  0.000000  0.000000  0.000000  0.000000
eta_mh       0.000000  0.000000  0.000000  0.000000  0.000000  0.000000  0.000000  0.000000  0.000000  0.000000

POLICY AND TRANSITION FUNCTIONS
                                  rr               c             c_E             c_H               h               w               y               k               i               l            lb_E           phi_E              mc              pi               r            lb_H               q          varrho             tau              mu               e               g          gy_obs          gc_obs          gi_obs          pi_obs           r_obs           l_obs         co2_obs             e_a             e_g             e_c             e_m             e_i             e_r             e_t             e_p             e_e            e_mh
Constant                    1.007049       12.050489        3.231681        8.818808        0.333333       39.210977       25.000000      161.194236        4.029856      126.745669        1.031455        0.013092        0.900000        1.005000        1.012085        0.377980        1.000000        0.747854        0.100000        1.552027       -1.449913        5.000000               0               0               0               0               0               0               0        1.000000        1.000000        1.000000        1.000000        1.000000        1.000000        1.000000        1.000000        1.000000        1.000000
c(-1)                              0               0               0               0               0               0               0               0               0               0               0               0               0               0               0               0               0               0               0               0               0               0               0       -0.082984               0               0               0               0               0               0               0               0               0               0               0               0               0               0               0
c_E(-1)                     0.002454        0.122012        0.134789       -0.012777        0.000361       -0.146848        0.018976       -0.109879       -0.109879       -0.492210        0.601328        0.571780        0.040298        0.003700        0.001118        0.001825       -0.122431        0.040147               0        0.000589       -0.002427               0        0.000759        0.010125       -0.027266        0.003700        0.001118       -0.003883        0.001674               0               0               0               0               0               0               0               0               0               0
c_H(-1)                     0.000421        0.446938       -0.221595        0.668533        0.011569        0.894497        0.607364       -0.058594       -0.058594       -0.897874        0.235754        0.229622        0.046813        0.007664        0.002315        0.004496       -0.052715        0.041997               0        0.018853       -0.077698               0        0.024295        0.037089       -0.014540        0.007664        0.002315       -0.007084        0.053588               0               0               0               0               0               0               0               0               0               0
k(-1)                      -0.000395        0.132510        0.130396        0.002113        0.003444        0.436429        0.227328        0.987842        0.012842        0.195384       -0.138729       -0.141656        0.000472        0.000631        0.000191       -0.000302        0.025450       -0.001330               0        0.007056       -0.029081               0        0.009093        0.010996        0.003187        0.000631        0.000191        0.001542        0.020057               0               0               0               0               0               0               0               0               0               0
l(-1)                       0.000892       -0.193477       -0.201012        0.007535       -0.006557       -0.659638       -0.344243       -0.026629       -0.026629        0.751486        0.213857        0.223569       -0.003026       -0.001768       -0.000534       -0.001077       -0.041744       -0.000296               0       -0.010685        0.044038               0       -0.013770       -0.016056       -0.006608       -0.001768       -0.000534       -0.001961       -0.030373               0               0               0               0               0               0               0               0               0               0
r(-1)                       1.435948      -83.548536      -80.817170       -2.731367       -2.879153     -379.164652     -151.155514      -13.099054      -13.099054       85.072166       85.981328       90.355024       -3.619636       -1.524160        0.339529        0.390227      -18.668147       -2.421107               0       -4.691948       19.336727               0       -6.046221       -6.933207       -3.250502       -1.524160        0.339529        0.671204      -13.336472               0               0               0               0               0               0               0               0               0               0
e(-1)                              0               0               0               0               0               0               0               0               0               0               0               0               0               0               0               0               0               0               0               0               0               0               0               0               0               0               0               0        0.689696               0               0               0               0               0               0               0               0               0               0
e_a(-1)                    -0.019283       13.523039       12.005664        1.517374        0.055180       28.979917       26.646942        3.514796        3.514796       24.737738      -12.772818      -12.084195       -0.811853       -0.116314       -0.035140       -0.216786        2.716377       -1.023139               0        0.827135       -3.408838               0        1.065878        1.122198        0.872189       -0.116314       -0.035140        0.195176        2.351063        0.950000               0               0               0               0               0               0               0               0               0
e_g(-1)                    -0.013457       -0.835637       -0.253067       -0.582570        0.109150        4.205427        5.730394       -0.250396       -0.250396       -5.749267        0.269238        0.219953        0.215539        0.056614        0.017104        0.083231       -0.073426        0.170102               0        0.177874       -0.733067        4.750000        0.229216       -0.069345       -0.062135        0.056614        0.017104       -0.045361        0.505593               0        0.950000               0               0               0               0               0               0               0               0
e_c(-1)                    -0.025863        2.650127        0.986960        1.663166        0.071285       -4.215213        3.742470       -0.257222       -0.257222       -3.683982       -0.070144       -0.673766       -0.053063        0.026480        0.008000        0.121466        0.122366       -0.082737               0        0.116168       -0.478759               0        0.149699        0.219919       -0.063829        0.026480        0.008000       -0.029066        0.330199               0               0        0.950000               0               0               0               0               0               0               0
e_m(-1)                    -0.069158       18.944441       19.115964       -0.171523        0.641374       72.904628       33.672161        2.585261        2.585261       29.175490      -20.337460      -23.275435        0.350771        0.157599        0.047613        0.024505        4.244379        0.083781               0        1.045202       -4.307546               0        1.346886        1.572089        0.641527        0.157599        0.047613        0.230189        2.970899               0               0               0        0.950000               0               0               0               0               0               0
e_r(-1)                     0.877082      -46.089260      -43.234764       -2.854496       -1.604287     -231.023312      -84.225043       -7.763539       -7.763539        3.401841       45.997434       48.917384       -2.500308       -1.097471        0.073272        0.407819      -10.463792       -1.832478               0       -2.614390       10.774576               0       -3.369002       -3.824680       -1.926505       -1.097471        0.073272        0.026840       -7.431187               0               0               0               0               0        0.400000               0               0               0               0
e_t(-1)                     0.014176       -1.397219       -1.312368       -0.084851        0.026663        1.878834        1.399789       -0.255543       -0.255543       -1.918557        1.396227        1.420632        0.267777        0.027537        0.008319        0.012123       -0.309391        0.159884        0.040000        0.431457       -1.198180               0        0.055992       -0.115947       -0.063412        0.027537        0.008319       -0.015137        0.826380               0               0               0               0               0               0        0.400000               0               0               0
e_p(-1)                            0               0               0               0               0               0               0               0               0               0               0               0               0               0               0               0               0               0               0               0               0               0               0               0               0               0               0               0               0               0               0               0               0               0               0               0        0.900000               0               0
e_e(-1)                    -0.000783        0.101448        0.110724       -0.009276        0.003542        0.279180        0.185954        0.017449        0.017449       -0.062596       -0.117799       -0.103046        0.001487        0.001346        0.000407        0.001325        0.021442        0.000012               0        0.005772       -1.328710               0        0.007438        0.008419        0.004330        0.001346        0.000407       -0.000494        0.916407               0               0               0               0               0               0               0               0        0.900000               0
e_mh(-1)                    0.000240       -0.137782       -0.136091       -0.001691       -0.004566       -0.562226       -0.239735       -0.015503       -0.015503       -0.280003        0.144787        0.174720       -0.001768       -0.000643       -0.000194        0.000242       -0.030214        0.000133               0       -0.007442        0.030668               0       -0.009589       -0.011434       -0.003847       -0.000643       -0.000194       -0.002209       -0.021152               0               0               0               0               0               0               0               0               0        0.900000
y(-1)                              0               0               0               0               0               0               0               0               0               0               0               0               0               0               0               0               0               0               0               0               0               0       -0.040000               0               0               0               0               0               0               0               0               0               0               0               0               0               0               0               0
i(-1)                       0.000753       -0.727358       -0.709302       -0.018056       -0.000215       -0.292906       -0.011290        0.720140        0.720140       -1.054639        0.754626        0.735702        0.049127        0.007612        0.002300        0.002580       -0.165595        0.049217               0       -0.000350        0.001444               0       -0.000452       -0.060359       -0.069447        0.007612        0.002300       -0.008321       -0.000996               0               0               0               0               0               0               0               0               0               0
e_i(-1)                     0.000444       -9.811673       -9.820035        0.008361       -0.276258      -32.373127      -14.503550        4.366586        0.538223      -18.704570       10.447528       10.702396       -0.119043       -0.021587       -0.006522       -0.001195       -2.437893       -0.004043               0       -0.450198        1.855382               0       -0.580142       -0.814214        0.133559       -0.021587       -0.006522       -0.147576       -1.279650               0               0               0               0        0.950000               0               0               0               0               0
eta_a                      -0.020298       14.234777       12.637542        1.597236        0.058084       30.505176       28.049412        3.699786        3.699786       26.039725      -13.445071      -12.720205       -0.854582       -0.122436       -0.036990       -0.228195        2.859344       -1.076989               0        0.870669       -3.588250               0        1.121976        1.181261        0.918094       -0.122436       -0.036990        0.205449        2.474804        1.000000               0               0               0               0               0               0               0               0               0
eta_g                      -0.014166       -0.879618       -0.266387       -0.613232        0.114895        4.426766        6.031994       -0.263575       -0.263575       -6.051860        0.283409        0.231529        0.226883        0.059594        0.018004        0.087612       -0.077291        0.179054               0        0.187236       -0.771649        5.000000        0.241280       -0.072994       -0.065406        0.059594        0.018004       -0.047748        0.532204               0        1.000000               0               0               0               0               0               0               0               0
eta_c                      -0.027225        2.789607        1.038905        1.750702        0.075037       -4.437066        3.939443       -0.270760       -0.270760       -3.877876       -0.073836       -0.709227       -0.055855        0.027873        0.008421        0.127859        0.128806       -0.087092               0        0.122282       -0.503957               0        0.157578        0.231493       -0.067188        0.027873        0.008421       -0.030596        0.347578               0               0        1.000000               0               0               0               0               0               0               0
eta_m                      -0.072798       19.941517       20.122067       -0.180550        0.675131       76.741714       35.444380        2.721327        2.721327       30.711042      -21.407853      -24.500458        0.369232        0.165894        0.050119        0.025795        4.467767        0.088190               0        1.100212       -4.534259               0        1.417775        1.654830        0.675291        0.165894        0.050119        0.242304        3.127263               0               0               0        1.000000               0               0               0               0               0               0
eta_i                       0.000467      -10.328077      -10.336879        0.008801       -0.290798      -34.076976      -15.266895        4.596406        0.566551      -19.689021       10.997397       11.265680       -0.125308       -0.022723       -0.006865       -0.001257       -2.566203       -0.004256               0       -0.473893        1.953033               0       -0.610676       -0.857067        0.140588       -0.022723       -0.006865       -0.155343       -1.347000               0               0               0               0        1.000000               0               0               0               0               0
eta_r                       2.192704     -115.223150     -108.086910       -7.136240       -4.010716     -577.558279     -210.562609      -19.408847      -19.408847        8.504603      114.993584      122.293461       -6.250769       -2.743677        0.183179        1.019547      -26.159479       -4.581196               0       -6.535975       26.936441               0       -8.422504       -9.561699       -4.816263       -2.743677        0.183179        0.067100      -18.577968               0               0               0               0               0        1.000000               0               0               0               0
eta_t                       0.035440       -3.493047       -3.280920       -0.212127        0.066657        4.697084        3.499473       -0.638858       -0.638858       -4.796393        3.490569        3.551581        0.669441        0.068843        0.020799        0.030306       -0.773479        0.399709        0.100000        1.078642       -2.995449               0        0.139979       -0.289868       -0.158531        0.068843        0.020799       -0.037843        2.065951               0               0               0               0               0               0        1.000000               0               0               0
eta_p                              0               0               0               0               0               0               0               0               0               0               0               0               0               0               0               0               0               0               0               0               0               0               0               0               0               0               0               0               0               0               0               0               0               0               0               0        1.000000               0               0
eta_e                      -0.000869        0.112720        0.123026       -0.010306        0.003936        0.310200        0.206616        0.019388        0.019388       -0.069551       -0.130888       -0.114495        0.001652        0.001496        0.000452        0.001472        0.023824        0.000014               0        0.006413       -1.476345               0        0.008265        0.009354        0.004811        0.001496        0.000452       -0.000549        1.018230               0               0               0               0               0               0               0               0        1.000000               0
eta_mh                      0.000266       -0.153091       -0.151212       -0.001879       -0.005074       -0.624695       -0.266373       -0.017225       -0.017225       -0.311115        0.160874        0.194133       -0.001965       -0.000715       -0.000216        0.000268       -0.033571        0.000148               0       -0.008268        0.034076               0       -0.010655       -0.012704       -0.004274       -0.000715       -0.000216       -0.002455       -0.023502               0               0               0               0               0               0               0               0               0        1.000000


THEORETICAL MOMENTS
VARIABLE            MEAN     STD. DEV.      VARIANCE
rr                1.0070        0.1946        0.0379
c                12.0505       23.5360      553.9433
c_E               3.2317       26.9225      724.8220
c_H               8.8188        7.1888       51.6783
h                 0.3333        0.7864        0.6184
w                39.2110       83.7015     7005.9483
y                25.0000       41.3841     1712.6424
k               161.1942        9.0629       82.1361
i                 4.0299        3.3787       11.4155
l               126.7457      351.1377   123297.6600
lb_E              1.0315       22.6941      515.0210
phi_E             0.0131       24.5409      602.2575
mc                0.9000        1.1461        1.3136
pi                1.0050        0.2340        0.0548
r                 1.0121        0.1427        0.0204
lb_H              0.3780        0.3309        0.1095
q                 1.0000        4.5865       21.0361
varrho            0.7479        0.9456        0.8941
tau               0.1000        0.0000        0.0000
mu                1.5520        1.2846        1.6502
e                -1.4499        5.2941       28.0275
g                 5.0000        0.0000        0.0000
gy_obs            0.0000        1.6846        2.8379
gc_obs            0.0000        1.9485        3.7965
gi_obs            0.0000        0.8636        0.7457
pi_obs            0.0000        0.2340        0.0548
r_obs             0.0000        0.1427        0.0204
l_obs             0.0000        0.3547        0.1258
co2_obs           0.0000        3.7158       13.8075
e_a               1.0000        0.0000        0.0000
e_g               1.0000        0.0000        0.0000
e_c               1.0000        0.0000        0.0000
e_m               1.0000        3.2026       10.2564
e_i               1.0000        0.0000        0.0000
e_r               1.0000        0.0000        0.0000
e_t               1.0000        0.0000        0.0000
e_p               1.0000        0.0000        0.0000
e_e               1.0000        0.0000        0.0000
e_mh              1.0000        0.0000        0.0000



VARIANCE DECOMPOSITION (in percent)
            eta_a   eta_g   eta_c   eta_m   eta_i   eta_r   eta_t   eta_p   eta_e  eta_mh
rr           0.00    0.00    0.00  100.00    0.00    0.00    0.00    0.00    0.00    0.00
c            0.00    0.00    0.00  100.00    0.00    0.00    0.00    0.00    0.00    0.00
c_E          0.00    0.00    0.00  100.00    0.00    0.00    0.00    0.00    0.00    0.00
c_H          0.00    0.00    0.00  100.00    0.00    0.00    0.00    0.00    0.00    0.00
h            0.00    0.00    0.00  100.00    0.00    0.00    0.00    0.00    0.00    0.00
w            0.00    0.00    0.00  100.00    0.00    0.00    0.00    0.00    0.00    0.00
y            0.00    0.00    0.00  100.00    0.00    0.00    0.00    0.00    0.00    0.00
k            0.00    0.00    0.00  100.00    0.00    0.00    0.00    0.00    0.00    0.00
i            0.00    0.00    0.00  100.00    0.00    0.00    0.00    0.00    0.00    0.00
l            0.00    0.00    0.00  100.00    0.00    0.00    0.00    0.00    0.00    0.00
lb_E         0.00    0.00    0.00  100.00    0.00    0.00    0.00    0.00    0.00    0.00
phi_E        0.00    0.00    0.00  100.00    0.00    0.00    0.00    0.00    0.00    0.00
mc           0.00    0.00    0.00  100.00    0.00    0.00    0.00    0.00    0.00    0.00
pi           0.00    0.00    0.00  100.00    0.00    0.00    0.00    0.00    0.00    0.00
r            0.00    0.00    0.00  100.00    0.00    0.00    0.00    0.00    0.00    0.00
lb_H         0.00    0.00    0.00  100.00    0.00    0.00    0.00    0.00    0.00    0.00
q            0.00    0.00    0.00  100.00    0.00    0.00    0.00    0.00    0.00    0.00
varrho       0.00    0.00    0.00  100.00    0.00    0.00    0.00    0.00    0.00    0.00
tau         -0.00   -0.00   -0.00  100.00   -0.00   -0.00   -0.00   -0.00   -0.00   -0.00
mu           0.00    0.00    0.00  100.00    0.00    0.00    0.00    0.00    0.00    0.00
e            0.00    0.00    0.00  100.00    0.00    0.00    0.00    0.00    0.00    0.00
g           -0.00   -0.00   -0.00  100.00   -0.00   -0.00   -0.00   -0.00   -0.00   -0.00
gy_obs       0.00    0.00    0.00  100.00    0.00    0.00    0.00    0.00    0.00    0.00
gc_obs       0.00    0.00    0.00  100.00    0.00    0.00    0.00    0.00    0.00    0.00
gi_obs       0.00    0.00    0.00  100.00    0.00    0.00    0.00    0.00    0.00    0.00
pi_obs       0.00    0.00    0.00  100.00    0.00    0.00    0.00    0.00    0.00    0.00
r_obs        0.00    0.00    0.00  100.00    0.00    0.00    0.00    0.00    0.00    0.00
l_obs        0.00    0.00    0.00  100.00    0.00    0.00    0.00    0.00    0.00    0.00
co2_obs      0.00    0.00    0.00  100.00    0.00    0.00    0.00    0.00    0.00    0.00
e_a          0.00    0.00    0.00  100.00    0.00    0.00    0.00    0.00    0.00    0.00
e_g         -0.00   -0.00   -0.00  100.00   -0.00   -0.00   -0.00   -0.00   -0.00   -0.00
e_c          0.00    0.00    0.00  100.00    0.00    0.00    0.00    0.00    0.00    0.00
e_m          0.00    0.00    0.00  100.00    0.00    0.00    0.00    0.00    0.00    0.00
e_i         -0.00   -0.00   -0.00  100.00   -0.00   -0.00   -0.00   -0.00   -0.00   -0.00
e_r          0.00    0.00    0.00  100.00    0.00    0.00    0.00    0.00    0.00    0.00
e_t         -0.00   -0.00   -0.00  100.00   -0.00   -0.00   -0.00   -0.00   -0.00   -0.00
e_p          0.00    0.00    0.00  100.00    0.00    0.00    0.00    0.00    0.00    0.00
e_e          0.00    0.00    0.00  100.00    0.00    0.00    0.00    0.00    0.00    0.00
e_mh         0.00    0.00    0.00  100.00    0.00    0.00    0.00    0.00    0.00    0.00



MATRIX OF CORRELATIONS
Variables         rr        c      c_E      c_H        h        w        y        k        i        l     lb_E    phi_E       mc       pi        r     lb_H        q   varrho       mu        e   gy_obs   gc_obs   gi_obs   pi_obs    r_obs    l_obs  co2_obs      e_m
rr            1.0000  -0.0187   0.0465  -0.2352  -0.0766  -0.1356  -0.0689   0.5702  -0.4097   0.1979   0.5523   0.4138   0.4096  -0.2344   0.5554   0.1242  -0.5502   0.5203  -0.0689   0.0689  -0.7318  -0.7262  -0.7631  -0.2344   0.5554   0.4007  -0.7318   0.2847
c            -0.0187   1.0000   0.9683  -0.3523   0.9972   0.9240   0.9977   0.5962   0.8476  -0.1189  -0.7625  -0.8253   0.7101   0.8996   0.7613   0.4341   0.7344   0.5145   0.9977  -0.9977   0.4844   0.4988   0.3830   0.8996   0.7613   0.8527   0.4844   0.2001
c_E           0.0465   0.9683   1.0000  -0.5750   0.9597   0.8006   0.9611   0.6551   0.7824  -0.3293  -0.7180  -0.7296   0.6627   0.8646   0.8404   0.6339   0.6417   0.4697   0.9611  -0.9611   0.4119   0.4266   0.3094   0.8646   0.8404   0.8463   0.4119  -0.0067
c_H          -0.2352  -0.3523  -0.5750   1.0000  -0.3293   0.0267  -0.3331  -0.5013  -0.1550   0.8439   0.1926   0.0302  -0.1568  -0.2929  -0.6549  -0.9526   0.0010  -0.0745  -0.3331   0.3331   0.0434   0.0356   0.0955  -0.2929  -0.6549  -0.3776   0.0434   0.6804
h            -0.0766   0.9972   0.9597  -0.3293   1.0000   0.9289   1.0000   0.5544   0.8850  -0.1329  -0.7834  -0.8384   0.6987   0.9213   0.7301   0.4298   0.7546   0.4999   1.0000  -1.0000   0.5133   0.5277   0.4112   0.9213   0.7301   0.8182   0.5133   0.1808
w            -0.1356   0.9240   0.8006   0.0267   0.9289   1.0000   0.9280   0.4287   0.8307   0.2190  -0.7636  -0.8934   0.6575   0.8248   0.5290   0.0649   0.8138   0.4749   0.9280  -0.9280   0.5734   0.5849   0.4904   0.8248   0.5290   0.7643   0.5734   0.4900
y            -0.0689   0.9977   0.9611  -0.3331   1.0000   0.9280   1.0000   0.5626   0.8816  -0.1327  -0.7804  -0.8361   0.7009   0.9193   0.7352   0.4320   0.7513   0.5025   1.0000  -1.0000   0.5088   0.5233   0.4065   0.9193   0.7352   0.8224   0.5088   0.1819
k             0.5702   0.5962   0.6551  -0.5013   0.5544   0.4287   0.5626   1.0000   0.2526  -0.0894  -0.1927  -0.2708   0.5710   0.3691   0.8173   0.4487   0.1460   0.4969   0.5626  -0.5626  -0.0816  -0.0693  -0.1638   0.3691   0.8173   0.7830  -0.0816   0.1535
i            -0.4097   0.8476   0.7824  -0.1550   0.8850   0.8307   0.8816   0.2526   1.0000  -0.2108  -0.8002  -0.7986   0.5425   0.9334   0.4543   0.3593   0.7680   0.3516   0.8816  -0.8816   0.6104   0.6238   0.5150   0.9334   0.4543   0.5008   0.6104   0.0304
l             0.1979  -0.1189  -0.3293   0.8439  -0.1329   0.2190  -0.1327  -0.0894  -0.2108   1.0000   0.1930  -0.0621   0.1065  -0.2584  -0.2735  -0.8923   0.0162   0.1752  -0.1327   0.1327  -0.0693  -0.0736  -0.0394  -0.2584  -0.2735   0.0640  -0.0693   0.9439
lb_E          0.5523  -0.7625  -0.7180   0.1926  -0.7834  -0.7636  -0.7804  -0.1927  -0.8002   0.1930   1.0000   0.9581  -0.1177  -0.6757  -0.2609  -0.2491  -0.9773   0.1282  -0.7804   0.7804  -0.9291  -0.9352  -0.8797  -0.6757  -0.2609  -0.5348  -0.9291   0.0028
phi_E         0.4138  -0.8253  -0.7296   0.0302  -0.8384  -0.8934  -0.8361  -0.2708  -0.7986  -0.0621   0.9581   1.0000  -0.2720  -0.6904  -0.3169  -0.0808  -0.9850  -0.0395  -0.8361   0.8361  -0.8705  -0.8776  -0.8147  -0.6904  -0.3169  -0.6544  -0.8705  -0.2767
mc            0.4096   0.7101   0.6627  -0.1568   0.6987   0.6575   0.7009   0.5710   0.5425   0.1065  -0.1177  -0.2720   1.0000   0.7333   0.7705   0.2798   0.1233   0.9689   0.7009  -0.7009  -0.2072  -0.1917  -0.3096   0.7333   0.7705   0.6246  -0.2072   0.3740
pi           -0.2344   0.8996   0.8646  -0.2929   0.9213   0.8248   0.9193   0.3691   0.9334  -0.2584  -0.6757  -0.6904   0.7333   1.0000   0.6110   0.4716   0.6274   0.5698   0.9193  -0.9193   0.4097   0.4241   0.3089   1.0000   0.6110   0.5585   0.4097   0.0168
r             0.5554   0.7613   0.8404  -0.6549   0.7301   0.5290   0.7352   0.8173   0.4543  -0.2735  -0.2609  -0.3169   0.7705   0.6110   1.0000   0.6777   0.1764   0.6788   0.7352  -0.7352  -0.1001  -0.0840  -0.2077   0.6110   1.0000   0.8492  -0.1001   0.0347
lb_H          0.1242   0.4341   0.6339  -0.9526   0.4298   0.0649   0.4320   0.4487   0.3593  -0.8923  -0.2491  -0.0808   0.2798   0.4716   0.6777   1.0000   0.0491   0.1892   0.4320  -0.4320  -0.0150  -0.0041  -0.0878   0.4716   0.6777   0.3413  -0.0150  -0.7076
q            -0.5502   0.7344   0.6417   0.0010   0.7546   0.8138   0.7513   0.1460   0.7680   0.0162  -0.9773  -0.9850   0.1233   0.6274   0.1764   0.0491   1.0000  -0.1112   0.7513  -0.7513   0.9411   0.9459   0.9000   0.6274   0.1764   0.5288   0.9411   0.1897
varrho        0.5203   0.5145   0.4697  -0.0745   0.4999   0.4749   0.5025   0.4969   0.3516   0.1752   0.1282  -0.0395   0.9689   0.5698   0.6788   0.1892  -0.1112   1.0000   0.5025  -0.5025  -0.4277  -0.4140  -0.5163   0.5698   0.6788   0.4717  -0.4277   0.3902
mu           -0.0689   0.9977   0.9611  -0.3331   1.0000   0.9280   1.0000   0.5626   0.8816  -0.1327  -0.7804  -0.8361   0.7009   0.9193   0.7352   0.4320   0.7513   0.5025   1.0000  -1.0000   0.5088   0.5233   0.4065   0.9193   0.7352   0.8224   0.5088   0.1819
e             0.0689  -0.9977  -0.9611   0.3331  -1.0000  -0.9280  -1.0000  -0.5626  -0.8816   0.1327   0.7804   0.8361  -0.7009  -0.9193  -0.7352  -0.4320  -0.7513  -0.5025  -1.0000   1.0000  -0.5088  -0.5233  -0.4065  -0.9193  -0.7352  -0.8224  -0.5088  -0.1819
gy_obs       -0.7318   0.4844   0.4119   0.0434   0.5133   0.5734   0.5088  -0.0816   0.6104  -0.0693  -0.9291  -0.8705  -0.2072   0.4097  -0.1001  -0.0150   0.9411  -0.4277   0.5088  -0.5088   1.0000   0.9998   0.9921   0.4097  -0.1001   0.2668   1.0000   0.0089
gc_obs       -0.7262   0.4988   0.4266   0.0356   0.5277   0.5849   0.5233  -0.0693   0.6238  -0.0736  -0.9352  -0.8776  -0.1917   0.4241  -0.0840  -0.0041   0.9459  -0.4140   0.5233  -0.5233   0.9998   1.0000   0.9896   0.4241  -0.0840   0.2796   0.9998   0.0100
gi_obs       -0.7631   0.3830   0.3094   0.0955   0.4112   0.4904   0.4065  -0.1638   0.5150  -0.0394  -0.8797  -0.8147  -0.3096   0.3089  -0.2077  -0.0878   0.9000  -0.5163   0.4065  -0.4065   0.9921   0.9896   1.0000   0.3089  -0.2077   0.1782   0.9921   0.0015
pi_obs       -0.2344   0.8996   0.8646  -0.2929   0.9213   0.8248   0.9193   0.3691   0.9334  -0.2584  -0.6757  -0.6904   0.7333   1.0000   0.6110   0.4716   0.6274   0.5698   0.9193  -0.9193   0.4097   0.4241   0.3089   1.0000   0.6110   0.5585   0.4097   0.0168
r_obs         0.5554   0.7613   0.8404  -0.6549   0.7301   0.5290   0.7352   0.8173   0.4543  -0.2735  -0.2609  -0.3169   0.7705   0.6110   1.0000   0.6777   0.1764   0.6788   0.7352  -0.7352  -0.1001  -0.0840  -0.2077   0.6110   1.0000   0.8492  -0.1001   0.0347
l_obs         0.4007   0.8527   0.8463  -0.3776   0.8182   0.7643   0.8224   0.7830   0.5008   0.0640  -0.5348  -0.6544   0.6246   0.5585   0.8492   0.3413   0.5288   0.4717   0.8224  -0.8224   0.2668   0.2796   0.1782   0.5585   0.8492   1.0000   0.2668   0.3687
co2_obs      -0.7318   0.4844   0.4119   0.0434   0.5133   0.5734   0.5088  -0.0816   0.6104  -0.0693  -0.9291  -0.8705  -0.2072   0.4097  -0.1001  -0.0150   0.9411  -0.4277   0.5088  -0.5088   1.0000   0.9998   0.9921   0.4097  -0.1001   0.2668   1.0000   0.0089
e_m           0.2847   0.2001  -0.0067   0.6804   0.1808   0.4900   0.1819   0.1535   0.0304   0.9439   0.0028  -0.2767   0.3740   0.0168   0.0347  -0.7076   0.1897   0.3902   0.1819  -0.1819   0.0089   0.0100   0.0015   0.0168   0.0347   0.3687   0.0089   1.0000



COEFFICIENTS OF AUTOCORRELATION
Order            1        2        3        4        5
rr          0.5752   0.2854   0.1040  -0.0005  -0.0547
c           0.5024   0.2264   0.0801   0.0070  -0.0269
c_E         0.6159   0.3896   0.2532   0.1685   0.1145
c_H         0.9902   0.9634   0.9256   0.8819   0.8363
h           0.4781   0.1888   0.0382  -0.0336  -0.0626
w           0.3933   0.1245   0.0220  -0.0049  -0.0017
