Starting Dynare (version 6.2).
Calling Dynare with arguments: noclearall
Starting preprocessing of the model file ...
Found 39 equation(s).
Evaluating expressions...
Computing static model derivatives (order 1).
Normalizing the static model...
Finding the optimal block decomposition of the static model...
16 block(s) found:
  15 recursive block(s) and 1 simultaneous block(s).
  the largest simultaneous block has 18 equation(s)
                                 and 18 feedback variable(s).
Computing dynamic model derivatives (order 1).
Normalizing the dynamic model...
Finding the optimal block decomposition of the dynamic model...
13 block(s) found:
  12 recursive block(s) and 1 simultaneous block(s).
  the largest simultaneous block has 21 equation(s)
                                 and 19 feedback variable(s).
Preprocessing completed.
Preprocessing time: 0h00m00s.
[Warning: Some of the parameters have no value (chi, A) when using steady. If these parameters are not
initialized in a steadystate file or a steady_state_model-block, Dynare may not be able to solve the model.
Note that simul, perfect_foresight_setup, and perfect_foresight_solver do not automatically call the steady
state file.] 

STEADY-STATE RESULTS:

rr      		 1.00705
c       		 15.0166
c_E     		 5.01593
c_H     		 10.0006
h       		 0.333333
w       		 44.1151
y       		 25
k       		 148.173
i       		 3.70433
l       		 23.5452
lb_E    		 0.664549
phi_E   		 0.0130916
mc      		 0.9
pi      		 1.005
r       		 1.01208
lb_H    		 0.333312
q       		 1
varrho  		 0.844688
tau     		 0.1
mu      		 0.506471
e       		 1.29627
g       		 5
gy_obs  		 0
gc_obs  		 0
gi_obs  		 0
pi_obs  		 0
r_obs   		 0
l_obs   		 0
co2_obs 		 0
e_a     		 1
e_g     		 1
e_c     		 1
e_m     		 1
e_i     		 1
e_r     		 1
e_t     		 1
e_p     		 1
e_e     		 1
e_mh    		 1


Residuals of the static equations:
Equation number  1: marginal utility of consumption :       0.000000
Equation number  2: Euler                           :       0.000000
Equation number  3: Labor Supply                    :       0.000000
Equation number  4: FOC i                           :       0.000000
Equation number  5: technology                      :       0.000000
Equation number  6: Borrowing constraint            :       0.000000
Equation number  7: Capital law of motion           :       0.000000
Equation number  8: FOC c                           :       0.000000
Equation number  9: FOC l                           :       0.000000
Equation number 10: FOC k                           :       0.000000
Equation number 11: FOC h                           :       0.000000
Equation number 12: NKPC                            :       0.000000
Equation number 13: FOC y                           :       0.000000
Equation number 14: FOC mu                          :       0.000000
Equation number 15: balance sheet                   :       0.000000
Equation number 16: Resources Constraint            :       0.000000
Equation number 17: Total consumption               :       0.000000
Equation number 18: Total emissions                 :       0.000000
Equation number 19: Fisherian equation              :       0.000000
Equation number 20: Monetary Policy rule            :       0.000000
Equation number 21: Public spending                 :       0.000000
Equation number 22: Carbon tax                      :       0.000000
Equation number 23: measurement GDP                 :       0.000000
Equation number 24: measurement consumption         :       0.000000
Equation number 25: measurement investment          :       0.000000
Equation number 26: measurement inflation           :       0.000000
Equation number 27: measurement interest rate       :       0.000000
Equation number 28: measurement corporate loans     :       0.000000
Equation number 29: measurement corporate loans     :       0.000000
Equation number 30: shocks                          :       0.000000
Equation number 31: 31                              :       0.000000
Equation number 32: 32                              :       0.000000
Equation number 33: 33                              :       0.000000
Equation number 34: 34                              :       0.000000
Equation number 35: 35                              :       0.000000
Equation number 36: 36                              :       0.000000
Equation number 37: 37                              :       0.000000
Equation number 38: 38                              :       0.000000
Equation number 39: 39                              :       0.000000



MODEL SUMMARY

  Number of variables:         39
  Number of stochastic shocks: 10
  Number of state variables:   19
  Number of jumpers:           8
  Number of static variables:  15


MATRIX OF COVARIANCE OF EXOGENOUS SHOCKS
Variables       eta_a     eta_g     eta_c     eta_m     eta_i     eta_r     eta_t     eta_p     eta_e    eta_mh
eta_a        0.000000  0.000000  0.000000  0.000000  0.000000  0.000000  0.000000  0.000000  0.000000  0.000000
eta_g        0.000000  0.000000  0.000000  0.000000  0.000000  0.000000  0.000000  0.000000  0.000000  0.000000
eta_c        0.000000  0.000000  0.000000  0.000000  0.000000  0.000000  0.000000  0.000000  0.000000  0.000000
eta_m        0.000000  0.000000  0.000000  0.000000  0.000000  0.000000  0.000000  0.000000  0.000000  0.000000
eta_i        0.000000  0.000000  0.000000  0.000000  0.000000  0.000000  0.000000  0.000000  0.000000  0.000000
eta_r        0.000000  0.000000  0.000000  0.000000  0.000000  0.000000  0.000000  0.000000  0.000000  0.000000
eta_t        0.000000  0.000000  0.000000  0.000000  0.000000  0.000000  1.000000  0.000000  0.000000  0.000000
eta_p        0.000000  0.000000  0.000000  0.000000  0.000000  0.000000  0.000000  0.000000  0.000000  0.000000
eta_e        0.000000  0.000000  0.000000  0.000000  0.000000  0.000000  0.000000  0.000000  0.000000  0.000000
eta_mh       0.000000  0.000000  0.000000  0.000000  0.000000  0.000000  0.000000  0.000000  0.000000  0.000000

POLICY AND TRANSITION FUNCTIONS
                                  rr               c             c_E             c_H               h               w               y               k               i               l            lb_E           phi_E              mc              pi               r            lb_H               q          varrho             tau              mu               e               g          gy_obs          gc_obs          gi_obs          pi_obs           r_obs           l_obs         co2_obs             e_a             e_g             e_c             e_m             e_i             e_r             e_t             e_p             e_e            e_mh
Constant                    1.007049       15.016573        5.015932       10.000641        0.333333       44.115109       25.000000      148.173209        3.704330       23.545185        0.664549        0.013092        0.900000        1.005000        1.012085        0.333312        1.000000        0.844688        0.100000        0.506471        1.296268        5.000000               0               0               0               0               0               0               0        1.000000        1.000000        1.000000        1.000000        1.000000        1.000000        1.000000        1.000000        1.000000        1.000000
c(-1)                              0               0               0               0               0               0               0               0               0               0               0               0               0               0               0               0               0               0               0               0               0               0               0       -0.066593               0               0               0               0               0               0               0               0               0               0               0               0               0               0               0
c_E(-1)                     0.004479        0.268639        0.302729       -0.034090        0.002090       -0.224650        0.109727       -0.171825       -0.171825       -0.148025        0.175445        0.254898        0.083241        0.008460        0.002556        0.003787       -0.210789        0.082962               0        0.001111        0.001632               0        0.004389        0.017890       -0.046385        0.008460        0.002556       -0.006287        0.001259               0               0               0               0               0               0               0               0               0               0
c_H(-1)                     0.000755        0.531198       -0.128794        0.659991        0.010430        0.792106        0.547588       -0.048048       -0.048048       -0.141528        0.056879        0.092636        0.055624        0.008753        0.002644        0.004445       -0.068986        0.054232               0        0.005547        0.008146               0        0.021904        0.035374       -0.012971        0.008753        0.002644       -0.006011        0.006284               0               0               0               0               0               0               0               0               0               0
k(-1)                      -0.000363        0.055214        0.047286        0.007928        0.000483        0.180477        0.075966        0.986812        0.011812        0.092403       -0.020883       -0.028788       -0.007370       -0.000795       -0.000240       -0.000881        0.020962       -0.007564               0        0.000769        0.001130               0        0.003039        0.003677        0.003189       -0.000795       -0.000240        0.003924        0.000872               0               0               0               0               0               0               0               0               0               0
l(-1)                       0.002533       -0.193675       -0.191371       -0.002304       -0.005685       -0.786304       -0.298480       -0.069680       -0.069680        0.470084        0.084515        0.137721        0.026154        0.001098        0.000332        0.000256       -0.103696        0.026912               0       -0.003023       -0.004440               0       -0.011939       -0.012897       -0.018810        0.001098        0.000332       -0.022506       -0.003425               0               0               0               0               0               0               0               0               0               0
r(-1)                       1.090204       -8.440043       -1.870538       -6.569505       -0.204506     -123.663974      -10.736546       -1.033060       -1.033060       -1.528599        0.826077        1.061855       -2.193697       -0.793997        0.560122        0.729851       -1.713557       -2.166403               0       -0.108755       -0.159710               0       -0.429462       -0.562049       -0.278879       -0.793997        0.560122       -0.064922       -0.123208               0               0               0               0               0               0               0               0               0               0
e(-1)                              0               0               0               0               0               0               0               0               0               0               0               0               0               0               0               0               0               0               0               0               0               0               0               0               0               0               0               0       -0.771446               0               0               0               0               0               0               0               0               0               0
e_a(-1)                    -0.015394        9.965263        6.845692        3.119571       -0.153692       25.530052       15.681174        3.870600        3.870600        5.601800       -3.023233       -4.185779       -1.797499       -0.295346       -0.089228       -0.346575        3.594030       -1.837364               0        0.158841        0.233263               0        0.627247        0.663618        1.044885       -0.295346       -0.089228        0.237917        0.179950        0.950000               0               0               0               0               0               0               0               0               0
e_g(-1)                    -0.015209       -0.711497       -0.108263       -0.603234        0.088435        2.833981        4.642851        0.057992        0.057992       -0.517247        0.047812        0.123308        0.174742        0.051853        0.015666        0.067017       -0.043277        0.162939               0        0.047029        0.069064        4.750000        0.185714       -0.047381        0.015655        0.051853        0.015666       -0.021968        0.053279               0        0.950000               0               0               0               0               0               0               0               0
e_c(-1)                    -0.033919        3.216050        1.389579        1.826471        0.070107       -5.774412        3.680622        0.031448        0.031448       -1.049547        0.017648       -0.367135       -0.171311        0.016807        0.005078        0.113731        0.288929       -0.180668               0        0.037283        0.054751               0        0.147225        0.214167        0.008490        0.016807        0.005078       -0.044576        0.042237               0               0        0.950000               0               0               0               0               0               0               0
e_m(-1)                    -0.059146        4.768935        4.576283        0.192653        0.136893       20.949954        7.186892        1.572226        1.572226       13.688210       -2.021003       -3.547946       -0.669043       -0.035934       -0.010856       -0.021403        2.601036       -0.687313               0        0.072799        0.106908               0        0.287476        0.317578        0.424429       -0.035934       -0.010856        0.581359        0.082473               0               0               0        0.950000               0               0               0               0               0               0
e_r(-1)                     0.638789       -2.048994        3.037209       -5.086203       -0.025372      -78.145867       -1.332030        0.873713        0.873713       -5.171183       -1.341309       -2.066312       -2.213481       -0.716838        0.188266        0.565061        1.049946       -2.210094               0       -0.013493       -0.019814               0       -0.053281       -0.136449        0.235863       -0.716838        0.188266       -0.219628       -0.015286               0               0               0               0               0        0.400000               0               0               0               0
e_t(-1)                     0.006421       -0.382929       -0.335360       -0.047569        0.006936        0.218523        0.364156       -0.127180       -0.127180        0.137917        0.148104        0.238813        0.124503        0.013039        0.003939        0.005285       -0.184556        0.089726        0.040000        0.130306       -0.327148               0        0.014566       -0.025500       -0.034333        0.013039        0.003939        0.005858       -0.252377               0               0               0               0               0               0        0.400000               0               0               0
e_p(-1)                            0               0               0               0               0               0               0               0               0               0               0               0               0               0               0               0               0               0               0               0               0               0               0               0               0               0               0               0               0               0               0               0               0               0               0               0        0.900000               0               0
e_e(-1)                     0.001035       -0.059263       -0.064228        0.004966       -0.001992       -0.190635       -0.104587       -0.033017       -0.033017       -0.032543        0.028365        0.035106        0.006369       -0.000311       -0.000094       -0.000552       -0.031671        0.006635               0       -0.001059        1.165085               0       -0.004183       -0.003946       -0.008913       -0.000311       -0.000094       -0.001382        0.898800               0               0               0               0               0               0               0               0        0.900000               0
e_mh(-1)                    0.008692       -0.798347       -0.750901       -0.047446       -0.021949       -3.602476       -1.152315       -0.218367       -0.218367       -2.333096        0.331617        0.605269        0.118807        0.008889        0.002686        0.005271       -0.425391        0.121736               0       -0.011672       -0.017141               0       -0.046093       -0.053164       -0.058949        0.008889        0.002686       -0.099090       -0.013223               0               0               0               0               0               0               0               0               0        0.900000
y(-1)                              0               0               0               0               0               0               0               0               0               0               0               0               0               0               0               0               0               0               0               0               0               0       -0.040000               0               0               0               0               0               0               0               0               0               0               0               0               0               0               0               0
i(-1)                       0.005377       -0.608472       -0.573420       -0.035052       -0.000166       -0.537361       -0.008708        0.600788        0.600788       -0.445164        0.253237        0.367120        0.112957        0.012451        0.003762        0.003894       -0.319539        0.112979               0       -0.000088       -0.000130               0       -0.000348       -0.040520       -0.107769        0.012451        0.003762       -0.018907       -0.000100               0               0               0               0               0               0               0               0               0               0
e_i(-1)                     0.025085       -4.147588       -4.176417        0.028829       -0.091466      -11.681133       -4.801943        3.429836       -0.089277       -9.354554        1.844412        2.490310        0.531626        0.058909        0.017797       -0.003203       -2.465486        0.543834               0       -0.048641       -0.071431               0       -0.192078       -0.276201       -0.024101        0.058909        0.017797       -0.397302       -0.055105               0               0               0               0        0.950000               0               0               0               0               0
eta_a                      -0.016204       10.489751        7.205992        3.283759       -0.161781       26.873739       16.506499        4.074316        4.074316        5.896632       -3.182350       -4.406084       -1.892104       -0.310891       -0.093925       -0.364815        3.783190       -1.934067               0        0.167201        0.245540               0        0.660260        0.698545        1.099879       -0.310891       -0.093925        0.250439        0.189421        1.000000               0               0               0               0               0               0               0               0               0
eta_g                      -0.016009       -0.748944       -0.113961       -0.634983        0.093090        2.983138        4.887212        0.061044        0.061044       -0.544470        0.050328        0.129798        0.183939        0.054582        0.016490        0.070545       -0.045554        0.171515               0        0.049505        0.072699        5.000000        0.195488       -0.049874        0.016479        0.054582        0.016490       -0.023124        0.056083               0        1.000000               0               0               0               0               0               0               0               0
eta_c                      -0.035704        3.385316        1.462715        1.922601        0.073797       -6.078329        3.874339        0.033104        0.033104       -1.104786        0.018577       -0.386458       -0.180327        0.017692        0.005345        0.119717        0.304136       -0.190177               0        0.039245        0.057632               0        0.154974        0.225439        0.008936        0.017692        0.005345       -0.046922        0.044460               0               0        1.000000               0               0               0               0               0               0               0
eta_m                      -0.062259        5.019932        4.817140        0.202792        0.144098       22.052584        7.565149        1.654974        1.654974       14.408642       -2.127372       -3.734680       -0.704255       -0.037825       -0.011428       -0.022530        2.737933       -0.723488               0        0.076631        0.112534               0        0.302606        0.334293        0.446767       -0.037825       -0.011428        0.611957        0.086814               0               0               0        1.000000               0               0               0               0               0               0
eta_i                       0.026405       -4.365882       -4.396229        0.030347       -0.096280      -12.295929       -5.054677        3.610354       -0.093976       -9.846899        1.941487        2.621379        0.559607        0.062010        0.018734       -0.003371       -2.595248        0.572457               0       -0.051201       -0.075190               0       -0.202187       -0.290738       -0.025369        0.062010        0.018734       -0.418213       -0.058005               0               0               0               0        1.000000               0               0               0               0               0
eta_r                       1.596973       -5.122485        7.593022      -12.715507       -0.063430     -195.364668       -3.330075        2.184282        2.184282      -12.927957       -3.353273       -5.165779       -5.533701       -1.792096        0.470666        1.412653        2.624866       -5.525236               0       -0.033732       -0.049536               0       -0.133203       -0.341122        0.589656       -1.792096        0.470666       -0.549070       -0.038214               0               0               0               0               0        1.000000               0               0               0               0
eta_t                       0.016053       -0.957324       -0.838400       -0.118924        0.017341        0.546306        0.910391       -0.317949       -0.317949        0.344792        0.370259        0.597033        0.311258        0.032597        0.009848        0.013212       -0.461389        0.224315        0.100000        0.325766       -0.817870               0        0.036416       -0.063751       -0.085832        0.032597        0.009848        0.014644       -0.630943               0               0               0               0               0               0        1.000000               0               0               0
eta_p                              0               0               0               0               0               0               0               0               0               0               0               0               0               0               0               0               0               0               0               0               0               0               0               0               0               0               0               0               0               0               0               0               0               0               0               0        1.000000               0               0
eta_e                       0.001150       -0.065848       -0.071365        0.005517       -0.002213       -0.211817       -0.116208       -0.036686       -0.036686       -0.036159        0.031517        0.039007        0.007077       -0.000346       -0.000104       -0.000613       -0.035190        0.007372               0       -0.001177        1.294539               0       -0.004648       -0.004385       -0.009903       -0.000346       -0.000104       -0.001536        0.998666               0               0               0               0               0               0               0               0        1.000000               0
eta_mh                      0.009658       -0.887052       -0.834335       -0.052718       -0.024388       -4.002751       -1.280350       -0.242630       -0.242630       -2.592328        0.368464        0.672521        0.132008        0.009877        0.002984        0.005857       -0.472657        0.135263               0       -0.012969       -0.019046               0       -0.051214       -0.059072       -0.065499        0.009877        0.002984       -0.110100       -0.014693               0               0               0               0               0               0               0               0               0        1.000000


THEORETICAL MOMENTS
VARIABLE         MEAN  STD. DEV.   VARIANCE
rr             1.0070     0.0219     0.0005
c             15.0166     1.2904     1.6651
c_E            5.0159     1.0357     1.0726
c_H           10.0006     0.2950     0.0870
h              0.3333     0.0188     0.0004
w             44.1151     1.8687     3.4920
y             25.0000     1.0284     1.0576
k            148.1732     3.3030    10.9099
i              3.7043     0.4189     0.1755
l             23.5452     0.9675     0.9361
lb_E           0.6645     0.3741     0.1400
phi_E          0.0131     0.5988     0.3586
mc             0.9000     0.3125     0.0977
pi             1.0050     0.0342     0.0012
r              1.0121     0.0119     0.0001
lb_H           0.3333     0.0160     0.0003
q              1.0000     0.4649     0.2162
varrho         0.8447     0.2301     0.0530
tau            0.1000     0.1091     0.0119
mu             0.5065     0.3532     0.1248
e              1.2963     0.8958     0.8025
g              5.0000     0.0000     0.0000
gy_obs         0.0000     0.0531     0.0028
gc_obs         0.0000     0.0699     0.0049
gi_obs         0.0000     0.0946     0.0090
pi_obs         0.0000     0.0342     0.0012
r_obs          0.0000     0.0119     0.0001
l_obs          0.0000     0.0201     0.0004
co2_obs        0.0000     0.7520     0.5655
e_a            1.0000     0.0000     0.0000
e_g            1.0000     0.0000     0.0000
e_c            1.0000     0.0000     0.0000
e_m            1.0000     0.0000     0.0000
e_i            1.0000     0.0000     0.0000
e_r            1.0000     0.0000     0.0000
e_t            1.0000     1.0911     1.1905
e_p            1.0000     0.0000     0.0000
e_e            1.0000     0.0000     0.0000
e_mh           1.0000     0.0000     0.0000



VARIANCE DECOMPOSITION (in percent)
            eta_a   eta_g   eta_c   eta_m   eta_i   eta_r   eta_t   eta_p   eta_e  eta_mh
rr           0.00    0.00    0.00    0.00    0.00    0.00  100.00    0.00    0.00    0.00
c            0.00    0.00    0.00    0.00    0.00    0.00  100.00    0.00    0.00    0.00
c_E          0.00    0.00    0.00    0.00    0.00    0.00  100.00    0.00    0.00    0.00
c_H          0.00    0.00    0.00    0.00    0.00    0.00  100.00    0.00    0.00    0.00
h            0.00    0.00    0.00    0.00    0.00    0.00  100.00    0.00    0.00    0.00
w            0.00    0.00    0.00    0.00    0.00    0.00  100.00    0.00    0.00    0.00
y            0.00    0.00    0.00    0.00    0.00    0.00  100.00    0.00    0.00    0.00
k            0.00    0.00    0.00    0.00    0.00    0.00  100.00    0.00    0.00    0.00
i            0.00    0.00    0.00    0.00    0.00    0.00  100.00    0.00    0.00    0.00
l            0.00    0.00    0.00    0.00    0.00    0.00  100.00    0.00    0.00    0.00
lb_E         0.00    0.00    0.00    0.00    0.00    0.00  100.00    0.00    0.00    0.00
phi_E        0.00    0.00    0.00    0.00    0.00    0.00  100.00    0.00    0.00    0.00
mc           0.00    0.00    0.00    0.00    0.00    0.00  100.00    0.00    0.00    0.00
pi           0.00    0.00    0.00    0.00    0.00    0.00  100.00    0.00    0.00    0.00
r            0.00    0.00    0.00    0.00    0.00    0.00  100.00    0.00    0.00    0.00
lb_H         0.00    0.00    0.00    0.00    0.00    0.00  100.00    0.00    0.00    0.00
q            0.00    0.00    0.00    0.00    0.00    0.00  100.00    0.00    0.00    0.00
varrho       0.00    0.00    0.00    0.00    0.00    0.00  100.00    0.00    0.00    0.00
tau          0.00    0.00    0.00    0.00    0.00    0.00  100.00    0.00    0.00    0.00
mu           0.00    0.00    0.00    0.00    0.00    0.00  100.00    0.00    0.00    0.00
e            0.00    0.00    0.00    0.00    0.00    0.00  100.00    0.00    0.00    0.00
g           -0.00   -0.00   -0.00   -0.00   -0.00   -0.00  100.00   -0.00   -0.00   -0.00
gy_obs       0.00    0.00    0.00    0.00    0.00    0.00  100.00    0.00    0.00    0.00
gc_obs       0.00    0.00    0.00    0.00    0.00    0.00  100.00    0.00    0.00    0.00
gi_obs       0.00    0.00    0.00    0.00    0.00    0.00  100.00    0.00    0.00    0.00
pi_obs       0.00    0.00    0.00    0.00    0.00    0.00  100.00    0.00    0.00    0.00
r_obs        0.00    0.00    0.00    0.00    0.00    0.00  100.00    0.00    0.00    0.00
l_obs        0.00    0.00    0.00    0.00    0.00    0.00  100.00    0.00    0.00    0.00
co2_obs      0.00    0.00    0.00    0.00    0.00    0.00  100.00    0.00    0.00    0.00
e_a          0.00    0.00    0.00    0.00    0.00    0.00  100.00    0.00    0.00    0.00
e_g         -0.00   -0.00   -0.00   -0.00   -0.00   -0.00  100.00   -0.00   -0.00   -0.00
e_c         -0.00   -0.00   -0.00   -0.00   -0.00   -0.00  100.00   -0.00   -0.00   -0.00
e_m         -0.00   -0.00   -0.00   -0.00   -0.00   -0.00  100.00   -0.00   -0.00   -0.00
e_i         -0.00   -0.00   -0.00   -0.00   -0.00   -0.00  100.00   -0.00   -0.00   -0.00
e_r         -0.00   -0.00   -0.00   -0.00   -0.00   -0.00  100.00   -0.00   -0.00   -0.00
e_t          0.00    0.00    0.00    0.00    0.00    0.00  100.00    0.00    0.00    0.00
e_p          0.00    0.00    0.00    0.00    0.00    0.00  100.00    0.00    0.00    0.00
e_e          0.00    0.00    0.00    0.00    0.00    0.00  100.00    0.00    0.00    0.00
e_mh         0.00    0.00    0.00    0.00    0.00    0.00  100.00    0.00    0.00    0.00



MATRIX OF CORRELATIONS
Variables         rr        c      c_E      c_H        h        w        y        k        i        l     lb_E    phi_E       mc       pi        r     lb_H        q   varrho      tau       mu        e   gy_obs   gc_obs   gi_obs   pi_obs    r_obs    l_obs  co2_obs      e_t
rr            1.0000  -0.9749  -0.9813  -0.8191   0.5524  -0.3711   0.5098  -0.2539  -0.9773   0.7836   0.6284   0.6778   0.7036   0.5051   0.9830   0.9758  -0.6456   0.5728   0.9392   0.9334  -0.9423   0.0409  -0.4029  -0.3891   0.5051   0.9830   0.6420  -0.2482   0.9392
c            -0.9749   1.0000   0.9917   0.8925  -0.5171   0.4086  -0.4468   0.4279   0.9784  -0.7233  -0.6444  -0.6890  -0.7044  -0.5123  -0.9550  -0.9673   0.6546  -0.5789  -0.9285  -0.9210   0.9326  -0.1128   0.4065   0.3941  -0.5123  -0.9550  -0.5371   0.2836  -0.9285
c_E          -0.9813   0.9917   1.0000   0.8272  -0.6170   0.2977  -0.5561   0.3494   0.9816  -0.7037  -0.7207  -0.7624  -0.7801  -0.6030  -0.9811  -0.9871   0.7319  -0.6645  -0.9681  -0.9630   0.9708  -0.1828   0.5028   0.4900  -0.6030  -0.9811  -0.6279   0.3711  -0.9681
c_H          -0.8191   0.8925   0.8272   1.0000  -0.0957   0.7422  -0.0021   0.6451   0.8334  -0.6936  -0.2885  -0.3374  -0.3425  -0.1238  -0.7328  -0.7658   0.2938  -0.1992  -0.6626  -0.6480   0.6710   0.1483   0.0128   0.0035  -0.1238  -0.7328  -0.1448  -0.0623  -0.6626
h             0.5524  -0.5171  -0.6170  -0.0957   1.0000   0.5586   0.9870   0.0816  -0.5360   0.1121   0.9421   0.9358   0.9509   0.9679   0.6929   0.6832  -0.9447   0.9637   0.7881   0.7997  -0.7812   0.6619  -0.9487  -0.9410   0.9679   0.6929   0.8746  -0.8485   0.7881
w            -0.3711   0.4086   0.2977   0.7422   0.5586   1.0000   0.6091   0.4755   0.3608  -0.5722   0.4142   0.3623   0.3542   0.5652  -0.2048  -0.2240  -0.4047   0.4963  -0.0555  -0.0363   0.0666   0.6803  -0.6493  -0.6552   0.5652  -0.2048   0.3428  -0.6870  -0.0555
y             0.5098  -0.4468  -0.5561  -0.0021   0.9870   0.6091   1.0000   0.2398  -0.4938   0.1402   0.9091   0.9038   0.9201   0.9450   0.6493   0.6235  -0.9158   0.9389   0.7455   0.7585  -0.7379   0.6456  -0.9359  -0.9293   0.9450   0.6493   0.8775  -0.8338   0.7455
k            -0.2539   0.4279   0.3494   0.6451   0.0816   0.4755   0.2398   1.0000   0.2581   0.0906  -0.0670  -0.0688  -0.0597   0.0151  -0.2249  -0.3228   0.0438  -0.0055  -0.1952  -0.1838   0.2018   0.0367  -0.0848  -0.0908   0.0151  -0.2249   0.1460  -0.0665  -0.1952
i            -0.9773   0.9784   0.9816   0.8334  -0.5360   0.3608  -0.4938   0.2581   1.0000  -0.8154  -0.6590  -0.7073  -0.7228  -0.5314  -0.9542  -0.9475   0.6743  -0.5992  -0.9390  -0.9327   0.9424  -0.1294   0.4308   0.4184  -0.5314  -0.9542  -0.5534   0.3052  -0.9390
l             0.7836  -0.7233  -0.7037  -0.6936   0.1121  -0.5722   0.1402   0.0906  -0.8154   1.0000   0.2304   0.2944   0.3095   0.0919   0.6837   0.6354  -0.2591   0.1706   0.6183   0.6087  -0.6237  -0.2234  -0.0094  -0.0014   0.0919   0.6837   0.2444   0.0986   0.6183
lb_E          0.6284  -0.6444  -0.7207  -0.2885   0.9421   0.4142   0.9091  -0.0670  -0.6590   0.2304   1.0000   0.9976   0.9922   0.9839   0.7417   0.7423  -0.9993   0.9951   0.8521   0.8600  -0.8474   0.7696  -0.9599  -0.9563   0.9839   0.7417   0.7111  -0.9052   0.8521
phi_E         0.6778  -0.6890  -0.7624  -0.3374   0.9358   0.3623   0.9038  -0.0688  -0.7073   0.2944   0.9976   1.0000   0.9969   0.9720   0.7825   0.7806  -0.9989   0.9886   0.8843   0.8913  -0.8801   0.7315  -0.9412  -0.9367   0.9720   0.7825   0.7242  -0.8767   0.8843
mc            0.7036  -0.7044  -0.7801  -0.3425   0.9509   0.3542   0.9201  -0.0597  -0.7228   0.3095   0.9922   0.9969   1.0000   0.9684   0.8091   0.8055  -0.9950   0.9853   0.9025   0.9096  -0.8982   0.6862  -0.9318  -0.9255   0.9684   0.8091   0.7734  -0.8502   0.9025
pi            0.5051  -0.5123  -0.6030  -0.1238   0.9679   0.5652   0.9450   0.0151  -0.5314   0.0919   0.9839   0.9720   0.9684   1.0000   0.6412   0.6398  -0.9813   0.9962   0.7677   0.7786  -0.7613   0.8104  -0.9908  -0.9877   1.0000   0.6412   0.7295  -0.9418   0.7677
r             0.9830  -0.9550  -0.9811  -0.7328   0.6929  -0.2048   0.6493  -0.2249  -0.9542   0.6837   0.7417   0.7825   0.8091   0.6412   1.0000   0.9944  -0.7566   0.6983   0.9794   0.9768  -0.9807   0.1687  -0.5478  -0.5339   0.6412   1.0000   0.7494  -0.3903   0.9794
lb_H          0.9758  -0.9673  -0.9871  -0.7658   0.6832  -0.2240   0.6235  -0.3228  -0.9475   0.6354   0.7423   0.7806   0.8055   0.6398   0.9944   1.0000  -0.7537   0.6955   0.9749   0.9716  -0.9766   0.1788  -0.5431  -0.5289   0.6398   0.9944   0.7259  -0.3922   0.9749
q            -0.6456   0.6546   0.7319   0.2938  -0.9447  -0.4047  -0.9158   0.0438   0.6743  -0.2591  -0.9993  -0.9989  -0.9950  -0.9813  -0.7566  -0.7537   1.0000  -0.9943  -0.8634  -0.8713   0.8587  -0.7537   0.9560   0.9520  -0.9813  -0.7566  -0.7252   0.8955  -0.8634
varrho        0.5728  -0.5789  -0.6645  -0.1992   0.9637   0.4963   0.9389  -0.0055  -0.5992   0.1706   0.9951   0.9886   0.9853   0.9962   0.6983   0.6955  -0.9943   1.0000   0.8157   0.8253  -0.8100   0.7854  -0.9796  -0.9760   0.9962   0.6983   0.7357  -0.9237   0.8157
tau           0.9392  -0.9285  -0.9681  -0.6626   0.7881  -0.0555   0.7455  -0.1952  -0.9390   0.6183   0.8521   0.8843   0.9025   0.7677   0.9794   0.9749  -0.8634   0.8157   1.0000   0.9998  -0.9999   0.3464  -0.6853  -0.6733   0.7677   0.9794   0.7589  -0.5513   1.0000
mu            0.9334  -0.9210  -0.9630  -0.6480   0.7997  -0.0363   0.7585  -0.1838  -0.9327   0.6087   0.8600   0.8913   0.9096   0.7786   0.9768   0.9716  -0.8713   0.8253   0.9998   1.0000  -0.9995   0.3578  -0.6977  -0.6858   0.7786   0.9768   0.7679  -0.5637   0.9998
e            -0.9423   0.9326   0.9708   0.6710  -0.7812   0.0666  -0.7379   0.2018   0.9424  -0.6237  -0.8474  -0.8801  -0.8982  -0.7613  -0.9807  -0.9766   0.8587  -0.8100  -0.9999  -0.9995   1.0000  -0.3398   0.6780   0.6660  -0.7613  -0.9807  -0.7535   0.5441  -0.9999
gy_obs        0.0409  -0.1128  -0.1828   0.1483   0.6619   0.6803   0.6456   0.0367  -0.1294  -0.2234   0.7696   0.7315   0.6862   0.8104   0.1687   0.1788  -0.7537   0.7854   0.3464   0.3578  -0.3398   1.0000  -0.8636  -0.8744   0.8104   0.1687   0.2225  -0.9580   0.3464
gc_obs       -0.4029   0.4065   0.5028   0.0128  -0.9487  -0.6493  -0.9359  -0.0848   0.4308  -0.0094  -0.9599  -0.9412  -0.9318  -0.9908  -0.5478  -0.5431   0.9560  -0.9796  -0.6853  -0.6977   0.6780  -0.8636   1.0000   0.9996  -0.9908  -0.5478  -0.6799   0.9719  -0.6853
gi_obs       -0.3891   0.3941   0.4900   0.0035  -0.9410  -0.6552  -0.9293  -0.0908   0.4184  -0.0014  -0.9563  -0.9367  -0.9255  -0.9877  -0.5339  -0.5289   0.9520  -0.9760  -0.6733  -0.6858   0.6660  -0.8744   0.9996   1.0000  -0.9877  -0.5339  -0.6643   0.9768  -0.6733
pi_obs        0.5051  -0.5123  -0.6030  -0.1238   0.9679   0.5652   0.9450   0.0151  -0.5314   0.0919   0.9839   0.9720   0.9684   1.0000   0.6412   0.6398  -0.9813   0.9962   0.7677   0.7786  -0.7613   0.8104  -0.9908  -0.9877   1.0000   0.6412   0.7295  -0.9418   0.7677
r_obs         0.9830  -0.9550  -0.9811  -0.7328   0.6929  -0.2048   0.6493  -0.2249  -0.9542   0.6837   0.7417   0.7825   0.8091   0.6412   1.0000   0.9944  -0.7566   0.6983   0.9794   0.9768  -0.9807   0.1687  -0.5478  -0.5339   0.6412   1.0000   0.7494  -0.3903   0.9794
l_obs         0.6420  -0.5371  -0.6279  -0.1448   0.8746   0.3428   0.8775   0.1460  -0.5534   0.2444   0.7111   0.7242   0.7734   0.7295   0.7494   0.7259  -0.7252   0.7357   0.7589   0.7679  -0.7535   0.2225  -0.6799  -0.6643   0.7295   0.7494   1.0000  -0.4907   0.7589
co2_obs      -0.2482   0.2836   0.3711  -0.0623  -0.8485  -0.6870  -0.8338  -0.0665   0.3052   0.0986  -0.9052  -0.8767  -0.8502  -0.9418  -0.3903  -0.3922   0.8955  -0.9237  -0.5513  -0.5637   0.5441  -0.9580   0.9719   0.9768  -0.9418  -0.3903  -0.4907   1.0000  -0.5513
e_t           0.9392  -0.9285  -0.9681  -0.6626   0.7881  -0.0555   0.7455  -0.1952  -0.9390   0.6183   0.8521   0.8843   0.9025   0.7677   0.9794   0.9749  -0.8634   0.8157   1.0000   0.9998  -0.9999   0.3464  -0.6853  -0.6733   0.7677   0.9794   0.7589  -0.5513   1.0000



COEFFICIENTS OF AUTOCORRELATION
Order            1        2        3        4        5
rr          0.6676   0.3445   0.1364   0.0270  -0.0201
c           0.6696   0.4429   0.2931   0.1974   0.1383
c_E         0.5864   0.3433   0.2053   0.1286   0.0864
