Starting Dynare (version 6.2).
Calling Dynare with arguments: noclearall
Starting preprocessing of the model file ...
Found 39 equation(s).
Evaluating expressions...
Computing static model derivatives (order 1).
Normalizing the static model...
Finding the optimal block decomposition of the static model...
16 block(s) found:
  15 recursive block(s) and 1 simultaneous block(s).
  the largest simultaneous block has 18 equation(s)
                                 and 18 feedback variable(s).
Computing dynamic model derivatives (order 1).
Normalizing the dynamic model...
Finding the optimal block decomposition of the dynamic model...
13 block(s) found:
  12 recursive block(s) and 1 simultaneous block(s).
  the largest simultaneous block has 21 equation(s)
                                 and 19 feedback variable(s).
Preprocessing completed.
Preprocessing time: 0h00m00s.


Residuals of the static equations:
Equation number  1: marginal utility of consumption :       0.000000
Equation number  2: Euler                           :       0.000000
Equation number  3: Labor Supply                    :       0.000000
Equation number  4: FOC i                           :       0.000000
Equation number  5: technology                      :       0.000000
Equation number  6: Borrowing constraint            :       0.000000
Equation number  7: Capital law of motion           :       0.000000
Equation number  8: FOC c                           :       0.000000
Equation number  9: FOC l                           :       0.000000
Equation number 10: FOC k                           :       0.000000
Equation number 11: FOC h                           :       0.000000
Equation number 12: NKPC                            :       0.000000
Equation number 13: FOC y                           :       0.000000
Equation number 14: FOC mu                          :       0.000000
Equation number 15: balance sheet                   :       0.000000
Equation number 16: Resources Constraint            :       0.000000
Equation number 17: Total consumption               :       0.000000
Equation number 18: Total emissions                 :       0.000000
Equation number 19: Fisherian equation              :       0.000000
Equation number 20: Monetary Policy rule            :       0.000000
Equation number 21: Public spending                 :       0.000000
Equation number 22: Carbon tax                      :       0.000000
Equation number 23: measurement GDP                 :       0.000000
Equation number 24: measurement consumption         :       0.000000
Equation number 25: measurement investment          :       0.000000
Equation number 26: measurement inflation           :       0.000000
Equation number 27: measurement interest rate       :       0.000000
Equation number 28: measurement corporate loans     :       0.000000
Equation number 29: measurement corporate loans     :       0.000000
Equation number 30: shocks                          :       0.000000
Equation number 31: 31                              :       0.000000
Equation number 32: 32                              :       0.000000
Equation number 33: 33                              :       0.000000
Equation number 34: 34                              :       0.000000
Equation number 35: 35                              :       0.000000
Equation number 36: 36                              :       0.000000
Equation number 37: 37                              :       0.000000
Equation number 38: 38                              :       0.000000
Equation number 39: 39                              :       0.000000


[Warning: Some of the parameters have no value (chi, A) when using stoch_simul. If these parameters are not
initialized in a steadystate file or a steady_state_model-block, Dynare may not be able to solve the model.
Note that simul, perfect_foresight_setup, and perfect_foresight_solver do not automatically call the steady
state file.] 

MODEL SUMMARY

  Number of variables:         39
  Number of stochastic shocks: 10
  Number of state variables:   19
  Number of jumpers:           8
  Number of static variables:  15


MATRIX OF COVARIANCE OF EXOGENOUS SHOCKS
Variables       eta_a     eta_g     eta_c     eta_m     eta_i     eta_r     eta_t     eta_p     eta_e    eta_mh
eta_a        0.000000  0.000000  0.000000  0.000000  0.000000  0.000000  0.000000  0.000000  0.000000  0.000000
eta_g        0.000000  0.000000  0.000000  0.000000  0.000000  0.000000  0.000000  0.000000  0.000000  0.000000
eta_c        0.000000  0.000000  0.000000  0.000000  0.000000  0.000000  0.000000  0.000000  0.000000  0.000000
eta_m        0.000000  0.000000  0.000000  0.000000  0.000000  0.000000  0.000000  0.000000  0.000000  0.000000
eta_i        0.000000  0.000000  0.000000  0.000000  0.000000  0.000000  0.000000  0.000000  0.000000  0.000000
eta_r        0.000000  0.000000  0.000000  0.000000  0.000000  0.000000  0.000000  0.000000  0.000000  0.000000
eta_t        0.000000  0.000000  0.000000  0.000000  0.000000  0.000000  1.000000  0.000000  0.000000  0.000000
eta_p        0.000000  0.000000  0.000000  0.000000  0.000000  0.000000  0.000000  0.000000  0.000000  0.000000
eta_e        0.000000  0.000000  0.000000  0.000000  0.000000  0.000000  0.000000  0.000000  0.000000  0.000000
eta_mh       0.000000  0.000000  0.000000  0.000000  0.000000  0.000000  0.000000  0.000000  0.000000  0.000000

POLICY AND TRANSITION FUNCTIONS
                                  rr               c             c_E             c_H               h               w               y               k               i               l            lb_E           phi_E              mc              pi               r            lb_H               q          varrho             tau              mu               e               g          gy_obs          gc_obs          gi_obs          pi_obs           r_obs           l_obs         co2_obs             e_a             e_g             e_c             e_m             e_i             e_r             e_t             e_p             e_e            e_mh
Constant                    1.007049       12.050489        3.211944        8.838545        0.333333       39.249464       25.000000      161.194236        4.029856      127.725622        1.037793        0.013092        0.900000        1.005000        1.012085        0.377136        1.000000        0.747854        0.100000        1.552027       -1.449913        5.000000               0               0               0               0               0               0               0        1.000000        1.000000        1.000000        1.000000        1.000000        1.000000        1.000000        1.000000        1.000000        1.000000
c(-1)                              0               0               0               0               0               0               0               0               0               0               0               0               0               0               0               0               0               0               0               0               0               0               0       -0.082984               0               0               0               0               0               0               0               0               0               0               0               0               0               0               0
c_E(-1)                     0.000865        0.114027        0.117180       -0.003153        0.000146       -0.029436        0.007685       -0.109114       -0.109114       -0.089018        0.627705        0.594253        0.010705        0.000688        0.000208        0.000448       -0.123911        0.010644               0        0.000239       -0.000983               0        0.000307        0.009462       -0.027076        0.000688        0.000208       -0.000697        0.000678               0               0               0               0               0               0               0               0               0               0
c_H(-1)                    -0.000205        0.447752       -0.224454        0.672206        0.011610        0.955579        0.609500       -0.058043       -0.058043       -0.735694        0.241740        0.232285        0.035196        0.006484        0.001959        0.003953       -0.052415        0.030363               0        0.018919       -0.077971               0        0.024380        0.037156       -0.014403        0.006484        0.001959       -0.005760        0.053776               0               0               0               0               0               0               0               0               0               0
k(-1)                       0.000029        0.134852        0.134986       -0.000134        0.003508        0.411087        0.230704        0.987658        0.012658        0.099723       -0.145382       -0.148172        0.007862        0.001345        0.000406        0.000019        0.025879        0.006033               0        0.007161       -0.029513               0        0.009228        0.011191        0.003141        0.001345        0.000406        0.000781        0.020355               0               0               0               0               0               0               0               0               0               0
l(-1)                       0.000218       -0.197209       -0.208278        0.011069       -0.006659       -0.620262       -0.349609       -0.026328       -0.026328        0.902438        0.224318        0.233993       -0.014699       -0.002892       -0.000874       -0.001574       -0.042431       -0.011927               0       -0.010852        0.044724               0       -0.013984       -0.016365       -0.006533       -0.002892       -0.000874       -0.000764       -0.030846               0               0               0               0               0               0               0               0               0               0
r(-1)                       1.158243      -85.792692      -84.482078       -1.310614       -2.945451     -366.222349     -154.636186      -13.080411      -13.080411      146.377861       90.988436       95.448030       -8.402618       -1.982094        0.201180        0.186411      -19.099793       -7.176492               0       -4.799989       19.781995               0       -6.185447       -7.119436       -3.245876       -1.982094        0.201180        1.146034      -13.643572               0               0               0               0               0               0               0               0               0               0
e(-1)                              0               0               0               0               0               0               0               0               0               0               0               0               0               0               0               0               0               0               0               0               0               0               0               0               0               0               0               0        0.689696               0               0               0               0               0               0               0               0               0               0
e_a(-1)                     0.015066       13.765596       12.447575        1.318021        0.062225       26.836792       27.016831        3.508743        3.508743       16.443913      -13.406220      -12.655477       -0.179549       -0.052503       -0.015862       -0.187464        2.762972       -0.393768               0        0.838617       -3.456156               0        1.080673        1.142327        0.870687       -0.052503       -0.015862        0.128744        2.383699        0.950000               0               0               0               0               0               0               0               0               0
e_g(-1)                    -0.013778       -0.802829       -0.222816       -0.580013        0.110236        4.394486        5.787368       -0.246775       -0.246775       -5.564974        0.239976        0.175787        0.207102        0.055572        0.016789        0.082496       -0.066043        0.161213               0        0.179643       -0.740355        4.750000        0.231495       -0.066622       -0.061237        0.055572        0.016789       -0.043570        0.510620               0        0.950000               0               0               0               0               0               0               0               0
e_c(-1)                    -0.023661        2.681132        1.023047        1.658085        0.072273       -4.233387        3.794316       -0.255078       -0.255078       -4.127274       -0.115933       -0.724152       -0.015467        0.030052        0.009079        0.122447        0.128557       -0.045552               0        0.117778       -0.485392               0        0.151773        0.222492       -0.063297        0.030052        0.009079       -0.032314        0.334773               0               0        0.950000               0               0               0               0               0               0               0
e_m(-1)                     0.002055       19.238837       19.760687       -0.521850        0.648795       68.669952       34.061739        2.539958        2.539958       13.587758      -21.282550      -24.252249        1.561910        0.272320        0.082272        0.074223        4.293802        1.291831               0        1.057294       -4.357383               0        1.362470        1.596519        0.630285        0.272320        0.082272        0.106382        3.005272               0               0               0        0.950000               0               0               0               0               0               0
e_r(-1)                     0.724537      -47.322938      -45.222559       -2.100379       -1.640892     -224.303056      -86.146847       -7.758646       -7.758646       35.953764       48.705358       51.694454       -5.095157       -1.343296       -0.000996        0.298740      -10.699905       -4.412089               0       -2.674044       11.020425               0       -3.445874       -3.927055       -1.925291       -1.343296       -0.000996        0.281492       -7.600748               0               0               0               0               0        0.400000               0               0               0               0
e_t(-1)                     0.010045       -1.408018       -1.345443       -0.062575        0.026409        2.183359        1.386471       -0.253259       -0.253259       -0.954335        1.449062        1.460354        0.194458        0.020343        0.006146        0.008900       -0.310942        0.086671        0.040000        0.431043       -1.196476               0        0.055459       -0.116843       -0.062846        0.020343        0.006146       -0.007472        0.825205               0               0               0               0               0               0        0.400000               0               0               0
e_p(-1)                            0               0               0               0               0               0               0               0               0               0               0               0               0               0               0               0               0               0               0               0               0               0               0               0               0               0               0               0               0               0               0               0               0               0               0               0        0.900000               0               0
e_e(-1)                    -0.000490        0.104536        0.115665       -0.011129        0.003635        0.263286        0.190839        0.017485        0.017485       -0.134437       -0.124573       -0.109458        0.006931        0.001899        0.000574        0.001583        0.022077        0.005417               0        0.005924       -1.329335               0        0.007634        0.008675        0.004339        0.001899        0.000574       -0.001053        0.916838               0               0               0               0               0               0               0               0        0.900000               0
e_mh(-1)                   -0.000077       -0.034836       -0.035039        0.000202       -0.001150       -0.132437       -0.060385       -0.003773       -0.003773       -0.041242        0.037737        0.045324       -0.002709       -0.000371       -0.000112       -0.000029       -0.007608       -0.002230               0       -0.001874        0.007725               0       -0.002415       -0.002891       -0.000936       -0.000371       -0.000112       -0.000323       -0.005328               0               0               0               0               0               0               0               0               0        0.900000
y(-1)                              0               0               0               0               0               0               0               0               0               0               0               0               0               0               0               0               0               0               0               0               0               0       -0.040000               0               0               0               0               0               0               0               0               0               0               0               0               0               0               0               0
i(-1)                      -0.001327       -0.734938       -0.728985       -0.005953       -0.000404       -0.135679       -0.021207        0.721379        0.721379       -0.542837        0.785128        0.761709        0.011211        0.003813        0.001152        0.000847       -0.166883        0.011379               0       -0.000658        0.002713               0       -0.000848       -0.060988       -0.069139        0.003813        0.001152       -0.004250       -0.001871               0               0               0               0               0               0               0               0               0               0
e_i(-1)                    -0.031715       -9.954706      -10.132435        0.177729       -0.279966      -30.334696      -14.698200        4.385161        0.556797      -11.506849       10.912781       11.159932       -0.674391       -0.074875       -0.022621       -0.025279       -2.462887       -0.557847               0       -0.456240        1.880283               0       -0.587928       -0.826083        0.138168       -0.074875       -0.022621       -0.090090       -1.296824               0               0               0               0        0.950000               0               0               0               0               0
eta_a                       0.015859       14.490101       13.102710        1.387391        0.065500       28.249255       28.438769        3.693414        3.693414       17.309382      -14.111811      -13.321554       -0.188999       -0.055266       -0.016697       -0.197331        2.908392       -0.414493               0        0.882755       -3.638059               0        1.137551        1.202449        0.916513       -0.055266       -0.016697        0.135520        2.509157        1.000000               0               0               0               0               0               0               0               0               0
eta_g                      -0.014503       -0.845084       -0.234543       -0.610540        0.116037        4.625775        6.091967       -0.259763       -0.259763       -5.857868        0.252607        0.185039        0.218002        0.058497        0.017673        0.086838       -0.069519        0.169698               0        0.189098       -0.779321        5.000000        0.243679       -0.070129       -0.064460        0.058497        0.017673       -0.045863        0.537495               0        1.000000               0               0               0               0               0               0               0               0
eta_c                      -0.024906        2.822244        1.076892        1.745353        0.076077       -4.456197        3.994017       -0.268503       -0.268503       -4.344499       -0.122035       -0.762265       -0.016281        0.031633        0.009557        0.128892        0.135323       -0.047950               0        0.123976       -0.510939               0        0.159761        0.234202       -0.066628        0.031633        0.009557       -0.034014        0.352393               0               0        1.000000               0               0               0               0               0               0               0
eta_m                       0.002163       20.251408       20.800723       -0.549316        0.682942       72.284160       35.854462        2.673640        2.673640       14.302903      -22.402684      -25.528683        1.644116        0.286653        0.086602        0.078130        4.519791        1.359822               0        1.112942       -4.586719               0        1.434178        1.680547        0.663458        0.286653        0.086602        0.111981        3.163444               0               0               0        1.000000               0               0               0               0               0               0
eta_i                      -0.033385      -10.478638      -10.665721        0.187083       -0.294701      -31.931259      -15.471790        4.615958        0.586103      -12.112472       11.487138       11.747297       -0.709885       -0.078816       -0.023811       -0.026609       -2.592513       -0.587208               0       -0.480253        1.979245               0       -0.618872       -0.869561        0.145440       -0.078816       -0.023811       -0.094832       -1.365078               0               0               0               0        1.000000               0               0               0               0               0
eta_r                       1.811342     -118.307344     -113.056396       -5.250948       -4.102231     -560.757639     -215.367118      -19.396616      -19.396616       89.884409      121.763395      129.236136      -12.737892       -3.358240       -0.002489        0.746850      -26.749763      -11.030223               0       -6.685110       27.551063               0       -8.614685       -9.817638       -4.813228       -3.358240       -0.002489        0.703730      -19.001871               0               0               0               0               0        1.000000               0               0               0               0
eta_t                       0.025113       -3.520045       -3.363608       -0.156437        0.066022        5.458398        3.466178       -0.633148       -0.633148       -2.385838        3.622656        3.650884        0.486146        0.050857        0.015365        0.022250       -0.777354        0.216677        0.100000        1.077609       -2.991190               0        0.138647       -0.292108       -0.157114        0.050857        0.015365       -0.018679        2.063013               0               0               0               0               0               0        1.000000               0               0               0
eta_p                              0               0               0               0               0               0               0               0               0               0               0               0               0               0               0               0               0               0               0               0               0               0               0               0               0               0               0               0               0               0               0               0               0               0               0               0        1.000000               0               0
eta_e                      -0.000544        0.116151        0.128517       -0.012365        0.004039        0.292540        0.212044        0.019427        0.019427       -0.149374       -0.138415       -0.121620        0.007701        0.002110        0.000638        0.001759        0.024530        0.006019               0        0.006582       -1.477039               0        0.008482        0.009639        0.004821        0.002110        0.000638       -0.001169        1.018709               0               0               0               0               0               0               0               0        1.000000               0
eta_mh                     -0.000085       -0.038707       -0.038932        0.000225       -0.001278       -0.147152       -0.067094       -0.004192       -0.004192       -0.045825        0.041930        0.050360       -0.003010       -0.000412       -0.000125       -0.000032       -0.008453       -0.002478               0       -0.002083        0.008583               0       -0.002684       -0.003212       -0.001040       -0.000412       -0.000125       -0.000359       -0.005920               0               0               0               0               0               0               0               0               0        1.000000


THEORETICAL MOMENTS
VARIABLE         MEAN  STD. DEV.   VARIANCE
rr             1.0070     0.0387     0.0015
c             12.0505     4.5992    21.1525
c_E            3.2119     4.2991    18.4825
c_H            8.8385     0.3468     0.1203
h              0.3333     0.0743     0.0055
w             39.2495     7.0423    49.5939
y             25.0000     3.9667    15.7346
k            161.1942     6.7247    45.2215
i              4.0299     0.9125     0.8327
l            127.7256     5.2455    27.5148
lb_E           1.0378     3.6410    13.2569
phi_E          0.0131     3.6529    13.3434
mc             0.9000     0.4934     0.2435
pi             1.0050     0.0556     0.0031
r              1.0121     0.0188     0.0004
lb_H           0.3771     0.0270     0.0007
q              1.0000     0.7797     0.6079
varrho         0.7479     0.2409     0.0580
tau            0.1000     0.1091     0.0119
mu             1.5520     1.1475     1.3168
e             -1.4499     3.1543     9.9497
g              5.0000     0.0000     0.0000
gy_obs         0.0000     0.2114     0.0447
gc_obs         0.0000     0.3225     0.1040
gi_obs         0.0000     0.1706     0.0291
pi_obs         0.0000     0.0556     0.0031
r_obs          0.0000     0.0188     0.0004
l_obs          0.0000     0.0295     0.0009
co2_obs        0.0000     2.5445     6.4743
e_a            1.0000     0.0000     0.0000
e_g            1.0000     0.0000     0.0000
e_c            1.0000     0.0000     0.0000
e_m            1.0000     0.0000     0.0000
e_i            1.0000     0.0000     0.0000
e_r            1.0000     0.0000     0.0000
e_t            1.0000     1.0911     1.1905
e_p            1.0000     0.0000     0.0000
e_e            1.0000     0.0000     0.0000
e_mh           1.0000     0.0000     0.0000



VARIANCE DECOMPOSITION (in percent)
            eta_a   eta_g   eta_c   eta_m   eta_i   eta_r   eta_t   eta_p   eta_e  eta_mh
rr           0.00    0.00    0.00    0.00    0.00    0.00  100.00    0.00    0.00    0.00
c            0.00    0.00    0.00    0.00    0.00    0.00  100.00    0.00    0.00    0.00
c_E          0.00    0.00    0.00    0.00    0.00    0.00  100.00    0.00    0.00    0.00
c_H          0.00    0.00    0.00    0.00    0.00    0.00  100.00    0.00    0.00    0.00
h            0.00    0.00    0.00    0.00    0.00    0.00  100.00    0.00    0.00    0.00
w            0.00    0.00    0.00    0.00    0.00    0.00  100.00    0.00    0.00    0.00
y            0.00    0.00    0.00    0.00    0.00    0.00  100.00    0.00    0.00    0.00
k            0.00    0.00    0.00    0.00    0.00    0.00  100.00    0.00    0.00    0.00
i            0.00    0.00    0.00    0.00    0.00    0.00  100.00    0.00    0.00    0.00
l            0.00    0.00    0.00    0.00    0.00    0.00  100.00    0.00    0.00    0.00
lb_E         0.00    0.00    0.00    0.00    0.00    0.00  100.00    0.00    0.00    0.00
phi_E        0.00    0.00    0.00    0.00    0.00    0.00  100.00    0.00    0.00    0.00
mc           0.00    0.00    0.00    0.00    0.00    0.00  100.00    0.00    0.00    0.00
pi           0.00    0.00    0.00    0.00    0.00    0.00  100.00    0.00    0.00    0.00
r            0.00    0.00    0.00    0.00    0.00    0.00  100.00    0.00    0.00    0.00
lb_H         0.00    0.00    0.00    0.00    0.00    0.00  100.00    0.00    0.00    0.00
q            0.00    0.00    0.00    0.00    0.00    0.00  100.00    0.00    0.00    0.00
varrho       0.00    0.00    0.00    0.00    0.00    0.00  100.00    0.00    0.00    0.00
tau          0.00    0.00    0.00    0.00    0.00    0.00  100.00    0.00    0.00    0.00
mu           0.00    0.00    0.00    0.00    0.00    0.00  100.00    0.00    0.00    0.00
e            0.00    0.00    0.00    0.00    0.00    0.00  100.00    0.00    0.00    0.00
g            0.00    0.00    0.00    0.00    0.00    0.00  100.00    0.00    0.00    0.00
gy_obs       0.00    0.00    0.00    0.00    0.00    0.00  100.00    0.00    0.00    0.00
gc_obs       0.00    0.00    0.00    0.00    0.00    0.00  100.00    0.00    0.00    0.00
gi_obs       0.00    0.00    0.00    0.00    0.00    0.00  100.00    0.00    0.00    0.00
pi_obs       0.00    0.00    0.00    0.00    0.00    0.00  100.00    0.00    0.00    0.00
r_obs        0.00    0.00    0.00    0.00    0.00    0.00  100.00    0.00    0.00    0.00
l_obs        0.00    0.00    0.00    0.00    0.00    0.00  100.00    0.00    0.00    0.00
co2_obs      0.00    0.00    0.00    0.00    0.00    0.00  100.00    0.00    0.00    0.00
e_a          0.00    0.00    0.00    0.00    0.00    0.00  100.00    0.00    0.00    0.00
e_g          0.00    0.00    0.00    0.00    0.00    0.00  100.00    0.00    0.00    0.00
e_c          0.00    0.00    0.00    0.00    0.00    0.00  100.00    0.00    0.00    0.00
e_m          0.00    0.00    0.00    0.00    0.00    0.00  100.00    0.00    0.00    0.00
e_i          0.00    0.00    0.00    0.00    0.00    0.00  100.00    0.00    0.00    0.00
e_r         -0.00   -0.00   -0.00   -0.00   -0.00   -0.00  100.00   -0.00   -0.00   -0.00
e_t          0.00    0.00    0.00    0.00    0.00    0.00  100.00    0.00    0.00    0.00
e_p          0.00    0.00    0.00    0.00    0.00    0.00  100.00    0.00    0.00    0.00
e_e          0.00    0.00    0.00    0.00    0.00    0.00  100.00    0.00    0.00    0.00
e_mh         0.00    0.00    0.00    0.00    0.00    0.00  100.00    0.00    0.00    0.00



MATRIX OF CORRELATIONS
Variables         rr        c      c_E      c_H        h        w        y        k        i        l     lb_E    phi_E       mc       pi        r     lb_H        q   varrho      tau       mu        e   gy_obs   gc_obs   gi_obs   pi_obs    r_obs    l_obs  co2_obs      e_t
rr            1.0000  -0.9473  -0.9432  -0.8700   0.3956   0.1320   0.3835  -0.1945  -0.9362  -0.2047   0.5791   0.6298   0.6650   0.3570   0.9241   0.8990  -0.6243   0.3369   0.8898   0.8618  -0.8459  -0.1135  -0.3021  -0.3765   0.3570   0.9241   0.1631   0.0929   0.8898
c            -0.9473   1.0000   0.9992   0.8746  -0.4599  -0.2185  -0.4336   0.3622   0.9764   0.2137  -0.6985  -0.7458  -0.7487  -0.4709  -0.8805  -0.8827   0.7288  -0.4377  -0.9483  -0.9211   0.9054  -0.0997   0.4225   0.4701  -0.4709  -0.8805   0.0695  -0.2679  -0.9483
c_E          -0.9432   0.9992   1.0000   0.8550  -0.4830  -0.2464  -0.4580   0.3415   0.9773   0.2121  -0.7175  -0.7636  -0.7668  -0.4950  -0.8847  -0.8846   0.7469  -0.4623  -0.9568  -0.9316   0.9169  -0.1213   0.4466   0.4932  -0.4950  -0.8847   0.0965  -0.2916  -0.9568
c_H          -0.8700   0.8746   0.8550   1.0000  -0.1114   0.1571  -0.0725   0.5707   0.8329   0.2038  -0.3696  -0.4257  -0.4234  -0.1084  -0.7097  -0.7392   0.4055  -0.0745  -0.7146  -0.6669   0.6415   0.1812   0.0674   0.1207  -0.1084  -0.7097  -0.2747   0.0622  -0.7146
h             0.3956  -0.4599  -0.4830  -0.1114   1.0000   0.9593   0.9970   0.1213  -0.3537  -0.6481   0.9238   0.9027   0.9298   0.9867   0.6995   0.7077  -0.9196   0.9911   0.7147   0.7661  -0.7902   0.6744  -0.9642  -0.9813   0.9867   0.6995  -0.7249   0.8502   0.7147
w             0.1320  -0.2185  -0.2464   0.1571   0.9593   1.0000   0.9643   0.2434  -0.1228  -0.5729   0.8327   0.7954   0.8099   0.9598   0.4745   0.4793  -0.8148   0.9713   0.5126   0.5763  -0.6069   0.7761  -0.9574  -0.9525   0.9598   0.4745  -0.8393   0.9010   0.5126
y             0.3835  -0.4336  -0.4580  -0.0725   0.9970   0.9643   1.0000   0.1975  -0.3386  -0.6085   0.9109   0.8886   0.9178   0.9784   0.6894   0.6858  -0.9078   0.9864   0.6964   0.7496  -0.7746   0.6662  -0.9599  -0.9788   0.9784   0.6894  -0.7119   0.8437   0.6964
k            -0.1945   0.3622   0.3415   0.5707   0.1213   0.2434   0.1975   1.0000   0.2498   0.3562  -0.0533  -0.0784  -0.0458   0.0515  -0.0921  -0.2318   0.0455   0.1000  -0.2004  -0.1637   0.1449   0.0336  -0.1013  -0.1208   0.0515  -0.0921   0.0100   0.0702  -0.2004
i            -0.9362   0.9764   0.9773   0.8329  -0.3537  -0.1228  -0.3386   0.2498   1.0000   0.0065  -0.6195  -0.6718  -0.6681  -0.3688  -0.8176  -0.7919   0.6525  -0.3368  -0.9010  -0.8674   0.8485  -0.0338   0.3300   0.3766  -0.3688  -0.8176  -0.0086  -0.1857  -0.9010
l            -0.2047   0.2137   0.2121   0.2038  -0.6481  -0.5729  -0.6085   0.3562   0.0065   1.0000  -0.4892  -0.4683  -0.5269  -0.5997  -0.4792  -0.5807   0.4874  -0.6006  -0.3643  -0.4013   0.4190  -0.2832   0.5401   0.5650  -0.5997  -0.4792   0.3588  -0.4254  -0.3643
lb_E          0.5791  -0.6985  -0.7175  -0.3696   0.9238   0.8327   0.9109  -0.0533  -0.6195  -0.4892   1.0000   0.9976   0.9843   0.9483   0.7797   0.7877  -0.9981   0.9372   0.8760   0.9057  -0.9186   0.7067  -0.9434  -0.9546   0.9483   0.7797  -0.6917   0.8572   0.8760
phi_E         0.6298  -0.7458  -0.7636  -0.4257   0.9027   0.7954   0.8886  -0.0784  -0.6718  -0.4683   0.9976   1.0000   0.9874   0.9268   0.8089   0.8153  -0.9988   0.9134   0.9061   0.9311  -0.9415   0.6683  -0.9184  -0.9332   0.9268   0.8089  -0.6504   0.8239   0.9061
mc            0.6650  -0.7487  -0.7668  -0.4234   0.9298   0.8099   0.9178  -0.0458  -0.6681  -0.5269   0.9843   0.9874   1.0000   0.9334   0.8593   0.8631  -0.9912   0.9223   0.9182   0.9453  -0.9568   0.5814  -0.9037  -0.9307   0.9334   0.8593  -0.6003   0.7698   0.9182
pi            0.3570  -0.4709  -0.4950  -0.1084   0.9867   0.9598   0.9784   0.0515  -0.3688  -0.5997   0.9483   0.9268   0.9334   1.0000   0.6480   0.6650  -0.9370   0.9982   0.7171   0.7664  -0.7894   0.7605  -0.9860  -0.9886   1.0000   0.6480  -0.8096   0.9072   0.7171
r             0.9241  -0.8805  -0.8847  -0.7097   0.6995   0.4745   0.6894  -0.0921  -0.8176  -0.4792   0.7797   0.8089   0.8593   0.6480   1.0000   0.9868  -0.8157   0.6381   0.9417   0.9425  -0.9408   0.1268  -0.5913  -0.6626   0.6480   1.0000  -0.1102   0.3683   0.9417
lb_H          0.8990  -0.8827  -0.8846  -0.7392   0.7077   0.4793   0.6858  -0.2318  -0.7919  -0.5807   0.7877   0.8153   0.8631   0.6650   0.9868   1.0000  -0.8195   0.6500   0.9384   0.9391  -0.9373   0.1543  -0.6011  -0.6665   0.6650   0.9868  -0.1530   0.3878   0.9384
q            -0.6243   0.7288   0.7469   0.4055  -0.9196  -0.8148  -0.9078   0.0455   0.6525   0.4874  -0.9981  -0.9988  -0.9912  -0.9370  -0.8157  -0.8195   1.0000  -0.9262  -0.8993  -0.9268   0.9385  -0.6645   0.9279   0.9453  -0.9370  -0.8157   0.6478  -0.8267  -0.8993
varrho        0.3369  -0.4377  -0.4623  -0.0745   0.9911   0.9713   0.9864   0.1000  -0.3368  -0.6006   0.9372   0.9134   0.9223   0.9982   0.6381   0.6500  -0.9262   1.0000   0.6939   0.7458  -0.7702   0.7603  -0.9880  -0.9920   0.9982   0.6381  -0.8029   0.9082   0.6939
tau           0.8898  -0.9483  -0.9568  -0.7146   0.7147   0.5126   0.6964  -0.2004  -0.9010  -0.3643   0.8760   0.9061   0.9182   0.7171   0.9417   0.9384  -0.8993   0.6939   1.0000   0.9970  -0.9933   0.3136  -0.6733  -0.7178   0.7171   0.9417  -0.3047   0.5096   1.0000
mu            0.8618  -0.9211  -0.9316  -0.6669   0.7661   0.5763   0.7496  -0.1637  -0.8674  -0.4013   0.9057   0.9311   0.9453   0.7664   0.9425   0.9391  -0.9268   0.7458   0.9970   1.0000  -0.9993   0.3607  -0.7239  -0.7670   0.7664   0.9425  -0.3574   0.5605   0.9970
e            -0.8459   0.9054   0.9169   0.6415  -0.7902  -0.6069  -0.7746   0.1449   0.8485   0.4190  -0.9186  -0.9415  -0.9568  -0.7894  -0.9408  -0.9373   0.9385  -0.7702  -0.9933  -0.9993   1.0000  -0.3835   0.7478   0.7900  -0.7894  -0.9408   0.3830  -0.5848  -0.9933
gy_obs       -0.1135  -0.0997  -0.1213   0.1812   0.6744   0.7761   0.6662   0.0336  -0.0338  -0.2832   0.7067   0.6683   0.5814   0.7605   0.1268   0.1543  -0.6645   0.7603   0.3136   0.3607  -0.3835   1.0000  -0.8384  -0.7795   0.7605   0.1268  -0.9290   0.9611   0.3136
gc_obs       -0.3021   0.4225   0.4466   0.0674  -0.9642  -0.9574  -0.9599  -0.1013   0.3300   0.5401  -0.9434  -0.9184  -0.9037  -0.9860  -0.5913  -0.6011   0.9279  -0.9880  -0.6733  -0.7239   0.7478  -0.8384   1.0000   0.9944  -0.9860  -0.5913   0.8350  -0.9563  -0.6733
gi_obs       -0.3765   0.4701   0.4932   0.1207  -0.9813  -0.9525  -0.9788  -0.1208   0.3766   0.5650  -0.9546  -0.9332  -0.9307  -0.9886  -0.6626  -0.6665   0.9453  -0.9920  -0.7178  -0.7670   0.7900  -0.7795   0.9944   1.0000  -0.9886  -0.6626   0.7760  -0.9220  -0.7178
pi_obs        0.3570  -0.4709  -0.4950  -0.1084   0.9867   0.9598   0.9784   0.0515  -0.3688  -0.5997   0.9483   0.9268   0.9334   1.0000   0.6480   0.6650  -0.9370   0.9982   0.7171   0.7664  -0.7894   0.7605  -0.9860  -0.9886   1.0000   0.6480  -0.8096   0.9072   0.7171
r_obs         0.9241  -0.8805  -0.8847  -0.7097   0.6995   0.4745   0.6894  -0.0921  -0.8176  -0.4792   0.7797   0.8089   0.8593   0.6480   1.0000   0.9868  -0.8157   0.6381   0.9417   0.9425  -0.9408   0.1268  -0.5913  -0.6626   0.6480   1.0000  -0.1102   0.3683   0.9417
l_obs         0.1631   0.0695   0.0965  -0.2747  -0.7249  -0.8393  -0.7119   0.0100  -0.0086   0.3588  -0.6917  -0.6504  -0.6003  -0.8096  -0.1102  -0.1530   0.6478  -0.8029  -0.3047  -0.3574   0.3830  -0.9290   0.8350   0.7760  -0.8096  -0.1102   1.0000  -0.9203  -0.3047
co2_obs       0.0929  -0.2679  -0.2916   0.0622   0.8502   0.9010   0.8437   0.0702  -0.1857  -0.4254   0.8572   0.8239   0.7698   0.9072   0.3683   0.3878  -0.8267   0.9082   0.5096   0.5605  -0.5848   0.9611  -0.9563  -0.9220   0.9072   0.3683  -0.9203   1.0000   0.5096
e_t           0.8898  -0.9483  -0.9568  -0.7146   0.7147   0.5126   0.6964  -0.2004  -0.9010  -0.3643   0.8760   0.9061   0.9182   0.7171   0.9417   0.9384  -0.8993   0.6939   1.0000   0.9970  -0.9933   0.3136  -0.6733  -0.7178   0.7171   0.9417  -0.3047   0.5096   1.0000



COEFFICIENTS OF AUTOCORRELATION
Order            1        2        3        4        5
rr          0.7052   0.2976   0.0343  -0.0870  -0.1196
c           0.6429   0.3955   0.2362   0.1391   0.0828
c_E         0.6226   0.3772   0.2271   0.1381   0.0861
c_H         0.8495   0.5858   0.3463   0.1847   0.1024
h           0.0900  -0.1489  -0.1654  -0.1241  -0.0796
w           0.0831  -0.1293  -0.1288  -0.0832  -0.0422
y           0.1123  -0.1268  -0.1489  -0.1131  -0.0727
k           0.9909   0.9689   0.9384   0.9029   0.8647
i           0.7164   0.4792   0.3003   0.1737   0.0881
l           0.7426   0.5024   0.3539   0.2800   0.2501
lb_E       -0.0588  -0.0529  -0.0362  -0.0218  -0.0119
phi_E      -0.0142  -0.0209  -0.0158  -0.0097  -0.0053
mc          0.1010  -0.0839  -0.0917  -0.0608  -0.0320
pi         -0.0303  -0.1923  -0.1546  -0.0890  -0.0399
r           0.5267   0.1100  -0.1096  -0.1806  -0.1719
