Starting Dynare (version 6.2).
Calling Dynare with arguments: noclearall
Starting preprocessing of the model file ...
Found 39 equation(s).
Evaluating expressions...
Computing static model derivatives (order 1).
Normalizing the static model...
Finding the optimal block decomposition of the static model...
16 block(s) found:
  15 recursive block(s) and 1 simultaneous block(s).
  the largest simultaneous block has 18 equation(s)
                                 and 18 feedback variable(s).
Computing dynamic model derivatives (order 1).
Normalizing the dynamic model...
Finding the optimal block decomposition of the dynamic model...
13 block(s) found:
  12 recursive block(s) and 1 simultaneous block(s).
  the largest simultaneous block has 21 equation(s)
                                 and 19 feedback variable(s).
Preprocessing completed.
Preprocessing time: 0h00m00s.
[Warning: Some of the parameters have no value (chi, A) when using steady. If these parameters are not
initialized in a steadystate file or a steady_state_model-block, Dynare may not be able to solve the model.
Note that simul, perfect_foresight_setup, and perfect_foresight_solver do not automatically call the steady
state file.] 

STEADY-STATE RESULTS:

rr      		 1.00705
c       		 15.5842
c_E     		 4.98516
c_H     		 10.599
h       		 0.333333
w       		 45.5887
y       		 25
k       		 152.524
i       		 3.81311
l       		 28.7717
lb_E    		 0.668651
phi_E   		 0.0130916
mc      		 0.9
pi      		 1.005
r       		 1.01208
lb_H    		 0.314494
q       		 1
varrho  		 0.869493
tau     		 0.1
mu      		 0.238647
e       		 1.99972
g       		 5
gy_obs  		 0
gc_obs  		 0
gi_obs  		 0
pi_obs  		 0
r_obs   		 0
l_obs   		 0
co2_obs 		 0
e_a     		 1
e_g     		 1
e_c     		 1
e_m     		 1
e_i     		 1
e_r     		 1
e_t     		 1
e_p     		 1
e_e     		 1
e_mh    		 1


Residuals of the static equations:
Equation number  1: marginal utility of consumption :       0.000000
Equation number  2: Euler                           :       0.000000
Equation number  3: Labor Supply                    :       0.000000
Equation number  4: FOC i                           :       0.000000
Equation number  5: technology                      :       0.000000
Equation number  6: Borrowing constraint            :       0.000000
Equation number  7: Capital law of motion           :       0.000000
Equation number  8: FOC c                           :       0.000000
Equation number  9: FOC l                           :       0.000000
Equation number 10: FOC k                           :       0.000000
Equation number 11: FOC h                           :       0.000000
Equation number 12: NKPC                            :       0.000000
Equation number 13: FOC y                           :       0.000000
Equation number 14: FOC mu                          :       0.000000
Equation number 15: balance sheet                   :       0.000000
Equation number 16: Resources Constraint            :       0.000000
Equation number 17: Total consumption               :       0.000000
Equation number 18: Total emissions                 :       0.000000
Equation number 19: Fisherian equation              :       0.000000
Equation number 20: Monetary Policy rule            :       0.000000
Equation number 21: Public spending                 :       0.000000
Equation number 22: Carbon tax                      :       0.000000
Equation number 23: measurement GDP                 :       0.000000
Equation number 24: measurement consumption         :       0.000000
Equation number 25: measurement investment          :       0.000000
Equation number 26: measurement inflation           :       0.000000
Equation number 27: measurement interest rate       :       0.000000
Equation number 28: measurement corporate loans     :       0.000000
Equation number 29: measurement corporate loans     :       0.000000
Equation number 30: shocks                          :       0.000000
Equation number 31: 31                              :       0.000000
Equation number 32: 32                              :       0.000000
Equation number 33: 33                              :       0.000000
Equation number 34: 34                              :       0.000000
Equation number 35: 35                              :       0.000000
Equation number 36: 36                              :       0.000000
Equation number 37: 37                              :       0.000000
Equation number 38: 38                              :       0.000000
Equation number 39: 39                              :       0.000000



MODEL SUMMARY

  Number of variables:         39
  Number of stochastic shocks: 10
  Number of state variables:   19
  Number of jumpers:           8
  Number of static variables:  15


MATRIX OF COVARIANCE OF EXOGENOUS SHOCKS
Variables       eta_a     eta_g     eta_c     eta_m     eta_i     eta_r     eta_t     eta_p     eta_e    eta_mh
eta_a        0.000000  0.000000  0.000000  0.000000  0.000000  0.000000  0.000000  0.000000  0.000000  0.000000
eta_g        0.000000  0.000000  0.000000  0.000000  0.000000  0.000000  0.000000  0.000000  0.000000  0.000000
eta_c        0.000000  0.000000  0.000000  0.000000  0.000000  0.000000  0.000000  0.000000  0.000000  0.000000
eta_m        0.000000  0.000000  0.000000  1.000000  0.000000  0.000000  0.000000  0.000000  0.000000  0.000000
eta_i        0.000000  0.000000  0.000000  0.000000  0.000000  0.000000  0.000000  0.000000  0.000000  0.000000
eta_r        0.000000  0.000000  0.000000  0.000000  0.000000  0.000000  0.000000  0.000000  0.000000  0.000000
eta_t        0.000000  0.000000  0.000000  0.000000  0.000000  0.000000  0.000000  0.000000  0.000000  0.000000
eta_p        0.000000  0.000000  0.000000  0.000000  0.000000  0.000000  0.000000  0.000000  0.000000  0.000000
eta_e        0.000000  0.000000  0.000000  0.000000  0.000000  0.000000  0.000000  0.000000  0.000000  0.000000
eta_mh       0.000000  0.000000  0.000000  0.000000  0.000000  0.000000  0.000000  0.000000  0.000000  0.000000

POLICY AND TRANSITION FUNCTIONS
                                  rr               c             c_E             c_H               h               w               y               k               i               l            lb_E           phi_E              mc              pi               r            lb_H               q          varrho             tau              mu               e               g          gy_obs          gc_obs          gi_obs          pi_obs           r_obs           l_obs         co2_obs             e_a             e_g             e_c             e_m             e_i             e_r             e_t             e_p             e_e            e_mh
Constant                    1.007049       15.584186        4.985164       10.599022        0.333333       45.588686       25.000000      152.524385        3.813110       28.771720        0.668651        0.013092        0.900000        1.005000        1.012085        0.314494        1.000000        0.869493        0.100000        0.238647        1.999716        5.000000               0               0               0               0               0               0               0        1.000000        1.000000        1.000000        1.000000        1.000000        1.000000        1.000000        1.000000        1.000000        1.000000
c(-1)                              0               0               0               0               0               0               0               0               0               0               0               0               0               0               0               0               0               0               0               0               0               0               0       -0.064168               0               0               0               0               0               0               0               0               0               0               0               0               0               0               0
c_E(-1)                     0.001455        0.247768        0.260995       -0.013227        0.001115       -0.037096        0.058558       -0.192457       -0.192457       -0.017726        0.196276        0.287184        0.025171        0.002419        0.000731        0.001308       -0.232504        0.025103               0        0.000279        0.003013               0        0.002342        0.015899       -0.050473        0.002419        0.000731       -0.000616        0.001507               0               0               0               0               0               0               0               0               0               0
c_H(-1)                    -0.000432        0.562575       -0.104096        0.666670        0.010455        0.952023        0.548885       -0.044125       -0.044125       -0.055212        0.046540        0.070446        0.033094        0.006428        0.001942        0.003297       -0.054930        0.032456               0        0.002620        0.028243               0        0.021955        0.036099       -0.011572        0.006428        0.001942       -0.001919        0.014123               0               0               0               0               0               0               0               0               0               0
k(-1)                      -0.000008        0.060977        0.054970        0.006007        0.000595        0.167490        0.080406        0.989971        0.014971        0.082211       -0.024577       -0.035233       -0.001016       -0.000168       -0.000051       -0.000594        0.025119       -0.001110               0        0.000384        0.004137               0        0.003216        0.003913        0.003926       -0.000168       -0.000051        0.002857        0.002069               0               0               0               0               0               0               0               0               0               0
l(-1)                       0.000764       -0.221426       -0.229551        0.008125       -0.006141       -0.723325       -0.322380       -0.083078       -0.083078        0.527672        0.102631        0.171047       -0.004123       -0.001785       -0.000539       -0.000804       -0.124038       -0.003748               0       -0.001539       -0.016588               0       -0.012895       -0.014208       -0.021788       -0.001785       -0.000539       -0.016416       -0.008295               0               0               0               0               0               0               0               0               0               0
r(-1)                       1.067756      -13.382014       -6.537873       -6.844141       -0.322929     -142.292825      -16.953769       -2.631689       -2.631689       -2.821443        2.923042        4.703596       -2.577860       -0.830579        0.549070        0.676932       -4.243022       -2.558154               0       -0.080919       -0.872350               0       -0.678151       -0.858692       -0.690169       -0.830579        0.549070       -0.098063       -0.436237               0               0               0               0               0               0               0               0               0               0
e(-1)                              0               0               0               0               0               0               0               0               0               0               0               0               0               0               0               0               0               0               0               0               0               0               0               0               0               0               0               0       -0.500071               0               0               0               0               0               0               0               0               0               0
e_a(-1)                     0.033801       11.019332        7.967065        3.052268       -0.139584       24.671135       16.421819        4.491917        4.491917        4.707937       -3.562024       -4.992992       -0.879189       -0.201713       -0.060940       -0.301890        4.193681       -0.898277               0        0.078380        0.844979               0        0.656873        0.707084        1.178019       -0.201713       -0.060940        0.163631        0.422550        0.950000               0               0               0               0               0               0               0               0               0
e_g(-1)                    -0.016280       -0.400950        0.190627       -0.591578        0.090796        3.936165        4.766802        0.153438        0.153438       -0.050966       -0.085228       -0.118130        0.141407        0.047464        0.014340        0.058511        0.121897        0.135867               0        0.022752        0.245274        4.750000        0.190672       -0.025728        0.040240        0.047464        0.014340       -0.001771        0.122655               0        0.950000               0               0               0               0               0               0               0               0
e_c(-1)                    -0.028846        3.645855        1.715174        1.930681        0.077222       -5.067009        4.054142        0.183490        0.183490       -0.809327       -0.131625       -0.592028       -0.082908        0.025353        0.007660        0.107812        0.470103       -0.087621               0        0.019350        0.208604               0        0.162166        0.233946        0.048121        0.025353        0.007660       -0.028129        0.104317               0               0        0.950000               0               0               0               0               0               0               0
e_m(-1)                    -0.013260        5.560745        5.632630       -0.071886        0.151017       19.623286        7.928368        1.928005        1.928005       12.434684       -2.518313       -4.475318        0.113042        0.038284        0.011566        0.007110        3.166646        0.103826               0        0.037842        0.407951               0        0.317135        0.356820        0.505626        0.038284        0.011566        0.432184        0.204005               0               0               0        0.950000               0               0               0               0               0               0
e_r(-1)                     0.653243       -4.372338        1.194519       -5.566857       -0.082585      -91.108948       -4.335691        0.277056        0.277056       -9.113831       -0.534062       -0.668929       -1.865433       -0.675544        0.200742        0.550600        0.043446       -1.860393               0       -0.020694       -0.223091               0       -0.173428       -0.280562        0.072659       -0.675544        0.200742       -0.316764       -0.111562               0               0               0               0               0        0.400000               0               0               0               0
e_t(-1)                     0.001584       -0.198064       -0.183314       -0.014751        0.002446        0.123075        0.128428       -0.072386       -0.072386        0.126166        0.081958        0.129101        0.033350        0.003681        0.001112        0.001459       -0.100207        0.015472        0.040000        0.060275       -0.150095               0        0.005137       -0.012709       -0.018984        0.003681        0.001112        0.004385       -0.075058               0               0               0               0               0               0        0.400000               0               0               0
e_p(-1)                            0               0               0               0               0               0               0               0               0               0               0               0               0               0               0               0               0               0               0               0               0               0               0               0               0               0               0               0               0               0               0               0               0               0               0               0        0.900000               0               0
e_e(-1)                     0.000970       -0.110916       -0.123346        0.012430       -0.003457       -0.294549       -0.181477       -0.060499       -0.060499       -0.039534        0.055147        0.073588       -0.002144       -0.001721       -0.000520       -0.001229       -0.061926       -0.001933               0       -0.000866        1.790406               0       -0.007259       -0.007117       -0.015866       -0.001721       -0.000520       -0.001374        0.895330               0               0               0               0               0               0               0               0        0.900000               0
e_mh(-1)                    0.000171       -0.229943       -0.228803       -0.001140       -0.006000       -0.836999       -0.315025       -0.067614       -0.067614       -0.527709        0.102297        0.188402       -0.003642       -0.000878       -0.000265        0.000113       -0.128328       -0.003276               0       -0.001504       -0.016209               0       -0.012601       -0.014755       -0.017732       -0.000878       -0.000265       -0.018341       -0.008106               0               0               0               0               0               0               0               0               0        0.900000
y(-1)                              0               0               0               0               0               0               0               0               0               0               0               0               0               0               0               0               0               0               0               0               0               0       -0.040000               0               0               0               0               0               0               0               0               0               0               0               0               0               0               0               0
i(-1)                       0.001137       -0.641811       -0.638278       -0.003533       -0.001448       -0.248733       -0.076034        0.569993        0.569993       -0.255105        0.285370        0.419531        0.030465        0.003792        0.001145        0.000349       -0.353017        0.030553               0       -0.000363       -0.003912               0       -0.003041       -0.041183       -0.112771        0.003792        0.001145       -0.008867       -0.001956               0               0               0               0               0               0               0               0               0               0
e_i(-1)                    -0.005415       -4.712563       -4.974591        0.262028       -0.102268      -10.229957       -5.369054        3.263671       -0.358784       -8.537137        2.224108        3.147363       -0.008078        0.006079        0.001836       -0.025916       -2.881315       -0.001837               0       -0.025626       -0.276263               0       -0.214762       -0.302394       -0.094092        0.006079        0.001836       -0.296720       -0.138151               0               0               0               0        0.950000               0               0               0               0               0
eta_a                       0.035580       11.599297        8.386384        3.212913       -0.146931       25.969615       17.286125        4.728334        4.728334        4.955723       -3.749499       -5.255781       -0.925463       -0.212329       -0.064148       -0.317779        4.414402       -0.945554               0        0.082506        0.889452               0        0.691445        0.744299        1.240020       -0.212329       -0.064148        0.172243        0.444789        1.000000               0               0               0               0               0               0               0               0               0
eta_g                      -0.017137       -0.422053        0.200660       -0.622713        0.095575        4.143331        5.017686        0.161514        0.161514       -0.053649       -0.089714       -0.124348        0.148850        0.049962        0.015094        0.061591        0.128313        0.143018               0        0.023949        0.258183        5.000000        0.200707       -0.027082        0.042358        0.049962        0.015094       -0.001865        0.129110               0        1.000000               0               0               0               0               0               0               0               0
eta_c                      -0.030364        3.837742        1.805446        2.032296        0.081286       -5.333693        4.267518        0.193147        0.193147       -0.851923       -0.138553       -0.623188       -0.087272        0.026688        0.008063        0.113487        0.494845       -0.092232               0        0.020369        0.219584               0        0.170701        0.246259        0.050654        0.026688        0.008063       -0.029610        0.109807               0               0        1.000000               0               0               0               0               0               0               0
eta_m                       0.013958       -5.853415       -5.929084        0.075669       -0.158965      -20.656091       -8.345651       -2.029479       -2.029479      -13.089141        2.650856        4.710861       -0.118991       -0.040299       -0.012175       -0.007484       -3.333311       -0.109291               0       -0.039833       -0.429423               0       -0.333826       -0.375600       -0.532237       -0.040299       -0.012175       -0.454931       -0.214742               0               0               0       -1.000000               0               0               0               0               0               0
eta_i                      -0.005700       -4.960593       -5.236411        0.275819       -0.107650      -10.768376       -5.651636        3.435443       -0.377667       -8.986460        2.341166        3.313014       -0.008503        0.006398        0.001933       -0.027280       -3.032963       -0.001934               0       -0.026975       -0.290803               0       -0.226065       -0.318309       -0.099044        0.006398        0.001933       -0.312337       -0.145422               0               0               0               0        1.000000               0               0               0               0               0
eta_r                       1.633107      -10.930844        2.986297      -13.917141       -0.206461     -227.772369      -10.839227        0.692639        0.692639      -22.784577       -1.335155       -1.672321       -4.663582       -1.688860        0.501855        1.376499        0.108614       -4.650983               0       -0.051735       -0.557729               0       -0.433569       -0.701406        0.181647       -1.688860        0.501855       -0.791909       -0.278904               0               0               0               0               0        1.000000               0               0               0               0
eta_t                       0.003961       -0.495161       -0.458284       -0.036877        0.006116        0.307687        0.321070       -0.180965       -0.180965        0.315414        0.204896        0.322753        0.083375        0.009201        0.002780        0.003647       -0.250518        0.038681        0.100000        0.150687       -0.375237               0        0.012843       -0.031773       -0.047459        0.009201        0.002780        0.010963       -0.187645               0               0               0               0               0               0        1.000000               0               0               0
eta_p                              0               0               0               0               0               0               0               0               0               0               0               0               0               0               0               0               0               0               0               0               0               0               0               0               0               0               0               0               0               0               0               0               0               0               0               0        1.000000               0               0
eta_e                       0.001078       -0.123240       -0.137051        0.013811       -0.003841       -0.327276       -0.201641       -0.067221       -0.067221       -0.043927        0.061275        0.081764       -0.002382       -0.001913       -0.000578       -0.001366       -0.068806       -0.002148               0       -0.000962        1.989340               0       -0.008066       -0.007908       -0.017629       -0.001913       -0.000578       -0.001527        0.994812               0               0               0               0               0               0               0               0        1.000000               0
eta_mh                      0.000190       -0.255492       -0.254226       -0.001266       -0.006667       -0.929999       -0.350028       -0.075127       -0.075127       -0.586344        0.113663        0.209336       -0.004047       -0.000976       -0.000295        0.000125       -0.142586       -0.003640               0       -0.001671       -0.018011               0       -0.014001       -0.016394       -0.019702       -0.000976       -0.000295       -0.020379       -0.009007               0               0               0               0               0               0               0               0               0        1.000000


THEORETICAL MOMENTS
VARIABLE         MEAN  STD. DEV.   VARIANCE
rr             1.0070     0.0459     0.0021
c             15.5842     6.8815    47.3553
c_E            4.9852     7.3327    53.7683
c_H           10.5990     1.5878     2.5211
h              0.3333     0.1840     0.0339
w             45.5887    22.4514   504.0654
y             25.0000    10.0993   101.9964
k            152.5244    38.7473  1501.3506
i              3.8131     3.1956    10.2118
l             28.7717    84.1063  7073.8631
lb_E           0.6687     2.7708     7.6774
phi_E          0.0131     4.7233    22.3092
mc             0.9000     0.2761     0.0762
pi             1.0050     0.0561     0.0031
r              1.0121     0.0352     0.0012
lb_H           0.3145     0.0531     0.0028
q              1.0000     3.3988    11.5519
varrho         0.8695     0.2674     0.0715
tau            0.1000     0.0000     0.0000
mu             0.2386     0.0482     0.0023
e              1.9997     0.5197     0.2700
g              5.0000     0.0000     0.0000
gy_obs         0.0000     0.3961     0.1569
gc_obs         0.0000     0.4416     0.1950
gi_obs         0.0000     0.6504     0.4231
pi_obs         0.0000     0.0561     0.0031
r_obs          0.0000     0.0352     0.0012
l_obs          0.0000     0.5247     0.2753
co2_obs        0.0000     0.2548     0.0649
e_a            1.0000     0.0000     0.0000
e_g            1.0000     0.0000     0.0000
e_c            1.0000     0.0000     0.0000
e_m            1.0000     3.2026    10.2564
e_i            1.0000     0.0000     0.0000
e_r            1.0000     0.0000     0.0000
e_t            1.0000     0.0000     0.0000
e_p            1.0000     0.0000     0.0000
e_e            1.0000     0.0000     0.0000
e_mh           1.0000     0.0000     0.0000



VARIANCE DECOMPOSITION (in percent)
            eta_a   eta_g   eta_c   eta_m   eta_i   eta_r   eta_t   eta_p   eta_e  eta_mh
rr           0.00    0.00    0.00  100.00    0.00    0.00    0.00    0.00    0.00    0.00
c            0.00    0.00    0.00  100.00    0.00    0.00    0.00    0.00    0.00    0.00
c_E          0.00    0.00    0.00  100.00    0.00    0.00    0.00    0.00    0.00    0.00
c_H          0.00    0.00    0.00  100.00    0.00    0.00    0.00    0.00    0.00    0.00
h            0.00    0.00    0.00  100.00    0.00    0.00    0.00    0.00    0.00    0.00
w            0.00    0.00    0.00  100.00    0.00    0.00    0.00    0.00    0.00    0.00
y            0.00    0.00    0.00  100.00    0.00    0.00    0.00    0.00    0.00    0.00
k            0.00    0.00    0.00  100.00    0.00    0.00    0.00    0.00    0.00    0.00
i            0.00    0.00    0.00  100.00    0.00    0.00    0.00    0.00    0.00    0.00
l            0.00    0.00    0.00  100.00    0.00    0.00    0.00    0.00    0.00    0.00
lb_E         0.00    0.00    0.00  100.00    0.00    0.00    0.00    0.00    0.00    0.00
phi_E        0.00    0.00    0.00  100.00    0.00    0.00    0.00    0.00    0.00    0.00
mc           0.00    0.00    0.00  100.00    0.00    0.00    0.00    0.00    0.00    0.00
pi           0.00    0.00    0.00  100.00    0.00    0.00    0.00    0.00    0.00    0.00
r            0.00    0.00    0.00  100.00    0.00    0.00    0.00    0.00    0.00    0.00
lb_H         0.00    0.00    0.00  100.00    0.00    0.00    0.00    0.00    0.00    0.00
q            0.00    0.00    0.00  100.00    0.00    0.00    0.00    0.00    0.00    0.00
varrho       0.00    0.00    0.00  100.00    0.00    0.00    0.00    0.00    0.00    0.00
tau          0.00    0.00    0.00  100.00    0.00    0.00    0.00    0.00    0.00    0.00
mu           0.00    0.00    0.00  100.00    0.00    0.00    0.00    0.00    0.00    0.00
e            0.00    0.00    0.00  100.00    0.00    0.00    0.00    0.00    0.00    0.00
g           -0.00   -0.00   -0.00  100.00   -0.00   -0.00   -0.00   -0.00   -0.00   -0.00
gy_obs       0.00    0.00    0.00  100.00    0.00    0.00    0.00    0.00    0.00    0.00
gc_obs       0.00    0.00    0.00  100.00    0.00    0.00    0.00    0.00    0.00    0.00
gi_obs       0.00    0.00    0.00  100.00    0.00    0.00    0.00    0.00    0.00    0.00
pi_obs       0.00    0.00    0.00  100.00    0.00    0.00    0.00    0.00    0.00    0.00
r_obs        0.00    0.00    0.00  100.00    0.00    0.00    0.00    0.00    0.00    0.00
l_obs        0.00    0.00    0.00  100.00    0.00    0.00    0.00    0.00    0.00    0.00
co2_obs      0.00    0.00    0.00  100.00    0.00    0.00    0.00    0.00    0.00    0.00
e_a         -0.00   -0.00   -0.00  100.00   -0.00   -0.00   -0.00   -0.00   -0.00   -0.00
e_g         -0.00   -0.00   -0.00  100.00   -0.00   -0.00   -0.00   -0.00   -0.00   -0.00
e_c         -0.00   -0.00   -0.00  100.00   -0.00   -0.00   -0.00   -0.00   -0.00   -0.00
e_m          0.00    0.00    0.00  100.00    0.00    0.00    0.00    0.00    0.00    0.00
e_i         -0.00   -0.00   -0.00  100.00   -0.00   -0.00   -0.00   -0.00   -0.00   -0.00
e_r          0.00    0.00    0.00  100.00    0.00    0.00    0.00    0.00    0.00    0.00
e_t          0.00    0.00    0.00  100.00    0.00    0.00    0.00    0.00    0.00    0.00
e_p          0.00    0.00    0.00  100.00    0.00    0.00    0.00    0.00    0.00    0.00
e_e          0.00    0.00    0.00  100.00    0.00    0.00    0.00    0.00    0.00    0.00
e_mh         0.00    0.00    0.00  100.00    0.00    0.00    0.00    0.00    0.00    0.00



MATRIX OF CORRELATIONS
Variables         rr        c      c_E      c_H        h        w        y        k        i        l     lb_E    phi_E       mc       pi        r     lb_H        q   varrho       mu        e   gy_obs   gc_obs   gi_obs   pi_obs    r_obs    l_obs  co2_obs      e_m
rr            1.0000   0.0627   0.1294  -0.3256   0.0077  -0.0502   0.0540   0.2433   0.0262   0.2797   0.4822   0.3573   0.3999  -0.2133   0.5599   0.1716  -0.4568   0.4104   0.0540   0.0540  -0.6829  -0.6665  -0.7262  -0.2133   0.5599   0.1022  -0.6829   0.2807
c             0.0627   1.0000   0.9770  -0.1781   0.9572   0.9768   0.9760   0.3743   0.7601   0.1300  -0.7461  -0.8190   0.7623   0.8120   0.6486   0.2807   0.7536   0.7441   0.9760   0.9760   0.4874   0.5000   0.4510   0.8120   0.6486   0.9710   0.4874   0.2934
c_E           0.1294   0.9770   1.0000  -0.3837   0.9752   0.9343   0.9966   0.4010   0.8709  -0.0219  -0.7243  -0.7779   0.7634   0.8367   0.7754   0.4633   0.7125   0.7444   0.9966   0.9966   0.4479   0.4615   0.4086   0.8367   0.7754   0.9825   0.4479   0.1532
c_H          -0.3256  -0.1781  -0.3837   1.0000  -0.3548  -0.0812  -0.3722  -0.2293  -0.7275   0.6643   0.1115   0.0426  -0.2217  -0.3449  -0.7697  -0.9229  -0.0240  -0.2126  -0.3722  -0.3722   0.0443   0.0358   0.0676  -0.3449  -0.7697  -0.3288   0.0443   0.5641
h             0.0077   0.9572   0.9752  -0.3548   1.0000   0.9540   0.9824   0.2050   0.8712  -0.0082  -0.7775  -0.8361   0.7681   0.9075   0.7273   0.4867   0.7791   0.7499   0.9824   0.9824   0.5255   0.5358   0.4953   0.9075   0.7273   0.9890   0.5255   0.1810
w            -0.0502   0.9768   0.9343  -0.0812   0.9540   1.0000   0.9390   0.1939   0.6997   0.2268  -0.8053  -0.8920   0.7298   0.8192   0.5450   0.2026   0.8345   0.7122   0.9390   0.9390   0.5840   0.5948   0.5521   0.8192   0.5450   0.9645   0.5840   0.3945
y             0.0540   0.9760   0.9966  -0.3722   0.9824   0.9390   1.0000   0.3841   0.8833  -0.0615  -0.7565  -0.7991   0.7475   0.8703   0.7476   0.4729   0.7407   0.7279   1.0000   1.0000   0.4902   0.5022   0.4554   0.8703   0.7476   0.9788   0.4902   0.1157
k             0.2433   0.3743   0.4010  -0.2293   0.2050   0.1939   0.3841   1.0000   0.3406  -0.3157  -0.1194  -0.0474   0.1144   0.0809   0.3366   0.1044   0.0249   0.1012   0.3841   0.3841  -0.0304  -0.0185  -0.0633   0.0809   0.3366   0.2376  -0.0304  -0.3206
i             0.0262   0.7601   0.8709  -0.7275   0.8712   0.6997   0.8833   0.3406   1.0000  -0.4636  -0.6516  -0.6217   0.5900   0.8494   0.8348   0.8073   0.5882   0.5704   0.8833   0.8833   0.4138   0.4225   0.3881   0.8494   0.8348   0.8310   0.4138  -0.2866
l             0.2797   0.1300  -0.0219   0.6643  -0.0082   0.2268  -0.0615  -0.3157  -0.4636   1.0000   0.0803  -0.1205   0.2342  -0.2163  -0.2229  -0.6881   0.0604   0.2445  -0.0615  -0.0615  -0.0895  -0.0823  -0.1094  -0.2163  -0.2229   0.0897  -0.0895   0.9801
lb_E          0.4822  -0.7461  -0.7243   0.1115  -0.7775  -0.8053  -0.7565  -0.1194  -0.6516   0.0803   1.0000   0.9731  -0.2249  -0.6776  -0.2531  -0.1933  -0.9886  -0.1990  -0.7565  -0.7565  -0.9407  -0.9453  -0.9247  -0.6776  -0.2531  -0.7584  -0.9407  -0.0607
phi_E         0.3573  -0.8190  -0.7779   0.0426  -0.8361  -0.8920  -0.7991  -0.0474  -0.6217  -0.1205   0.9731   1.0000  -0.3690  -0.6969  -0.3040  -0.1320  -0.9922  -0.3458  -0.7991  -0.7991  -0.8793  -0.8862  -0.8570  -0.6969  -0.3040  -0.8356  -0.8793  -0.2722
mc            0.3999   0.7623   0.7634  -0.2217   0.7681   0.7298   0.7475   0.1144   0.5900   0.2342  -0.2249  -0.3690   1.0000   0.7429   0.7389   0.3827   0.2640   0.9996   0.7475   0.7475  -0.0896  -0.0801  -0.1158   0.7429   0.7389   0.7705  -0.0896   0.3798
pi           -0.2133   0.8120   0.8367  -0.3449   0.9075   0.8192   0.8703   0.0809   0.8494  -0.2163  -0.6776  -0.6969   0.7429   1.0000   0.6145   0.5777   0.6614   0.7288   0.8703   0.8703   0.4579   0.4594   0.4523   1.0000   0.6145   0.8392   0.4579  -0.0355
r             0.5599   0.6486   0.7754  -0.7697   0.7273   0.5450   0.7476   0.3366   0.8348  -0.2229  -0.2531  -0.3040   0.7389   0.6145   1.0000   0.7881   0.2206   0.7300   0.7476   0.7476  -0.0546  -0.0402  -0.0943   0.6145   1.0000   0.7368  -0.0546  -0.0713
lb_H          0.1716   0.2807   0.4633  -0.9229   0.4867   0.2026   0.4729   0.1044   0.8073  -0.6881  -0.1933  -0.1320   0.3827   0.5777   0.7881   1.0000   0.1133   0.3744   0.4729   0.4729   0.0149   0.0169   0.0091   0.5777   0.7881   0.4202   0.0149  -0.5585
q            -0.4568   0.7536   0.7125  -0.0240   0.7791   0.8345   0.7407   0.0249   0.5882   0.0604  -0.9886  -0.9922   0.2640   0.6614   0.2206   0.1133   1.0000   0.2400   0.7407   0.7407   0.9313   0.9362   0.9145   0.6614   0.2206   0.7696   0.9313   0.2022
varrho        0.4104   0.7441   0.7444  -0.2126   0.7499   0.7122   0.7279   0.1012   0.5704   0.2445  -0.1990  -0.3458   0.9996   0.7288   0.7300   0.3744   0.2400   1.0000   0.7279   0.7279  -0.1140  -0.1047  -0.1395   0.7288   0.7300   0.7525  -0.1140   0.3871
mu            0.0540   0.9760   0.9966  -0.3722   0.9824   0.9390   1.0000   0.3841   0.8833  -0.0615  -0.7565  -0.7991   0.7475   0.8703   0.7476   0.4729   0.7407   0.7279   1.0000   1.0000   0.4902   0.5022   0.4554   0.8703   0.7476   0.9788   0.4902   0.1157
e             0.0540   0.9760   0.9966  -0.3722   0.9824   0.9390   1.0000   0.3841   0.8833  -0.0615  -0.7565  -0.7991   0.7475   0.8703   0.7476   0.4729   0.7407   0.7279   1.0000   1.0000   0.4902   0.5022   0.4554   0.8703   0.7476   0.9788   0.4902   0.1157
gy_obs       -0.6829   0.4874   0.4479   0.0443   0.5255   0.5840   0.4902  -0.0304   0.4138  -0.0895  -0.9407  -0.8793  -0.0896   0.4579  -0.0546   0.0149   0.9313  -0.1140   0.4902   0.4902   1.0000   0.9997   0.9975   0.4579  -0.0546   0.4995   1.0000   0.0059
gc_obs       -0.6665   0.5000   0.4615   0.0358   0.5358   0.5948   0.5022  -0.0185   0.4225  -0.0823  -0.9453  -0.8862  -0.0801   0.4594  -0.0402   0.0169   0.9362  -0.1047   0.5022   0.5022   0.9997   1.0000   0.9954   0.4594  -0.0402   0.5127   0.9997   0.0147
gi_obs       -0.7262   0.4510   0.4086   0.0676   0.4953   0.5521   0.4554  -0.0633   0.3881  -0.1094  -0.9247  -0.8570  -0.1158   0.4523  -0.0943   0.0091   0.9145  -0.1395   0.4554   0.4554   0.9975   0.9954   1.0000   0.4523  -0.0943   0.4613   0.9975  -0.0185
pi_obs       -0.2133   0.8120   0.8367  -0.3449   0.9075   0.8192   0.8703   0.0809   0.8494  -0.2163  -0.6776  -0.6969   0.7429   1.0000   0.6145   0.5777   0.6614   0.7288   0.8703   0.8703   0.4579   0.4594   0.4523   1.0000   0.6145   0.8392   0.4579  -0.0355
r_obs         0.5599   0.6486   0.7754  -0.7697   0.7273   0.5450   0.7476   0.3366   0.8348  -0.2229  -0.2531  -0.3040   0.7389   0.6145   1.0000   0.7881   0.2206   0.7300   0.7476   0.7476  -0.0546  -0.0402  -0.0943   0.6145   1.0000   0.7368  -0.0546  -0.0713
l_obs         0.1022   0.9710   0.9825  -0.3288   0.9890   0.9645   0.9788   0.2376   0.8310   0.0897  -0.7584  -0.8356   0.7705   0.8392   0.7368   0.4202   0.7696   0.7525   0.9788   0.9788   0.4995   0.5127   0.4613   0.8392   0.7368   1.0000   0.4995   0.2730
co2_obs      -0.6829   0.4874   0.4479   0.0443   0.5255   0.5840   0.4902  -0.0304   0.4138  -0.0895  -0.9407  -0.8793  -0.0896   0.4579  -0.0546   0.0149   0.9313  -0.1140   0.4902   0.4902   1.0000   0.9997   0.9975   0.4579  -0.0546   0.4995   1.0000   0.0059
e_m           0.2807   0.2934   0.1532   0.5641   0.1810   0.3945   0.1157  -0.3206  -0.2866   0.9801  -0.0607  -0.2722   0.3798  -0.0355  -0.0713  -0.5585   0.2022   0.3871   0.1157   0.1157   0.0059   0.0147  -0.0185  -0.0355  -0.0713   0.2730   0.0059   1.0000



COEFFICIENTS OF AUTOCORRELATION
Order            1        2        3        4        5
rr          0.6258   0.3451   0.1545   0.0345  -0.0357
c           0.5000   0.2425   0.1185   0.0651   0.0468
c_E         0.5541   0.3112   0.1774   0.1027   0.0606
c_H         0.9825   0.9354   0.8696   0.7946   0.7176
h           0.4688   0.1861   0.0416  -0.0277  -0.0575
w           0.3824   0.1215   0.0254   0.0002   0.0017
y           0.5193   0.2625   0.1299   0.0647   0.0349
k           0.9968   0.9894   0.9791   0.9665   0.9523
i           0.6988   0.5172   0.4024   0.3256   0.2712
l           0.9839   0.9524   0.9129   0.8696   0.8252
lb_E       -0.1292  -0.0677  -0.0356  -0.0189  -0.0101
phi_E      -0.0604  -0.0288  -0.0140  -0.0071  -0.0041
mc          0.6211   0.1404  -0.0451  -0.0985  -0.0983
