Starting Dynare (version 6.2).
Calling Dynare with arguments: none
Starting preprocessing of the model file ... 
Found 39 equation(s). 
Evaluating expressions... 
Computing static model derivatives (order 1). 
Normalizing the static model... 
Finding the optimal block decomposition of the static model... 
16 block(s) found: 
  15 recursive block(s) and 1 simultaneous block(s). 
  the largest simultaneous block has 18 equation(s) 
                                 and 18 feedback variable(s). 
Computing dynamic model derivatives (order 1). 
Normalizing the dynamic model... 
Finding the optimal block decomposition of the dynamic model... 
13 block(s) found: 
  12 recursive block(s) and 1 simultaneous block(s). 
  the largest simultaneous block has 21 equation(s) 
                                 and 19 feedback variable(s). 
Preprocessing completed. 
Preprocessing time: 0h00m00s.
[Warning: Some of the parameters have no value (chi, A) when using steady. If these parameters are not initialized in a steadystate file or
a steady_state_model-block, Dynare may not be able to solve the model. Note that simul, perfect_foresight_setup, and
perfect_foresight_solver do not automatically call the steady state file.] 

STEADY-STATE RESULTS:

rr      		 1.00705
c       		 15.1018
c_E     		 3.28129
c_H     		 11.8206
h       		 0.333333
w       		 46.502
y       		 25
k       		 191.167
i       		 4.77918
l       		 150.313
lb_E    		 1.01586
phi_E   		 0.0130916
mc      		 0.9
pi      		 1.005
r       		 1.01208
lb_H    		 0.281995
q       		 1
varrho  		 0.886912
tau     		 0.1
mu      		 0.00905975
e       		 2.60273
g       		 5
gy_obs  		 0
gc_obs  		 0
gi_obs  		 0
pi_obs  		 0
r_obs   		 0
l_obs   		 0
co2_obs 		 0
e_a     		 1
e_g     		 1
e_c     		 1
e_m     		 1
e_i     		 1
e_r     		 1
e_t     		 1
e_p     		 1
e_e     		 1
e_mh    		 1


Residuals of the static equations:
Equation number  1: marginal utility of consumption :       0.000000
Equation number  2: Euler                           :       0.000000
Equation number  3: Labor Supply                    :       0.000000
Equation number  4: FOC i                           :       0.000000
Equation number  5: technology                      :       0.000000
Equation number  6: Borrowing constraint            :       0.000000
Equation number  7: Capital law of motion           :       0.000000
Equation number  8: FOC c                           :       0.000000
Equation number  9: FOC l                           :       0.000000
Equation number 10: FOC k                           :       0.000000
Equation number 11: FOC h                           :       0.000000
Equation number 12: NKPC                            :       0.000000
Equation number 13: FOC y                           :       0.000000
Equation number 14: FOC mu                          :       0.000000
Equation number 15: balance sheet                   :       0.000000
Equation number 16: Resources Constraint            :       0.000000
Equation number 17: Total consumption               :       0.000000
Equation number 18: Total emissions                 :       0.000000
Equation number 19: Fisherian equation              :       0.000000
Equation number 20: Monetary Policy rule            :       0.000000
Equation number 21: Public spending                 :       0.000000
Equation number 22: Carbon tax                      :       0.000000
Equation number 23: measurement GDP                 :       0.000000
Equation number 24: measurement consumption         :       0.000000
Equation number 25: measurement investment          :       0.000000
Equation number 26: measurement inflation           :       0.000000
Equation number 27: measurement interest rate       :       0.000000
Equation number 28: measurement corporate loans     :       0.000000
Equation number 29: measurement corporate loans     :       0.000000
Equation number 30: shocks                          :       0.000000
Equation number 31: 31                              :       0.000000
Equation number 32: 32                              :       0.000000
Equation number 33: 33                              :       0.000000
Equation number 34: 34                              :       0.000000
Equation number 35: 35                              :       0.000000
Equation number 36: 36                              :       0.000000
Equation number 37: 37                              :       0.000000
Equation number 38: 38                              :       0.000000
Equation number 39: 39                              :       0.000000



MODEL SUMMARY

  Number of variables:         39
  Number of stochastic shocks: 10
  Number of state variables:   19
  Number of jumpers:           8
  Number of static variables:  15


MATRIX OF COVARIANCE OF EXOGENOUS SHOCKS
Variables       eta_a     eta_g     eta_c     eta_m     eta_i     eta_r     eta_t     eta_p     eta_e    eta_mh
eta_a        0.000000  0.000000  0.000000  0.000000  0.000000  0.000000  0.000000  0.000000  0.000000  0.000000
eta_g        0.000000  0.000000  0.000000  0.000000  0.000000  0.000000  0.000000  0.000000  0.000000  0.000000
eta_c        0.000000  0.000000  0.000000  0.000000  0.000000  0.000000  0.000000  0.000000  0.000000  0.000000
eta_m        0.000000  0.000000  0.000000  0.000000  0.000000  0.000000  0.000000  0.000000  0.000000  0.000000
eta_i        0.000000  0.000000  0.000000  0.000000  0.000000  0.000000  0.000000  0.000000  0.000000  0.000000
eta_r        0.000000  0.000000  0.000000  0.000000  0.000000  0.000000  0.000000  0.000000  0.000000  0.000000
eta_t        0.000000  0.000000  0.000000  0.000000  0.000000  0.000000  1.000000  0.000000  0.000000  0.000000
eta_p        0.000000  0.000000  0.000000  0.000000  0.000000  0.000000  0.000000  0.000000  0.000000  0.000000
eta_e        0.000000  0.000000  0.000000  0.000000  0.000000  0.000000  0.000000  0.000000  0.000000  0.000000
eta_mh       0.000000  0.000000  0.000000  0.000000  0.000000  0.000000  0.000000  0.000000  0.000000  0.000000

POLICY AND TRANSITION FUNCTIONS
                                  rr               c             c_E             c_H               h               w               y               k               i               l            lb_E           phi_E              mc              pi               r            lb_H               q          varrho             tau              mu               e               g          gy_obs          gc_obs          gi_obs          pi_obs           r_obs           l_obs         co2_obs             e_a             e_g             e_c             e_m             e_i             e_r             e_t             e_p             e_e            e_mh
Constant                    1.007049       15.101840        3.281288       11.820552        0.333333       46.502008       25.000000      191.167276        4.779182      150.313217        1.015861        0.013092        0.900000        1.005000        1.012085        0.281995        1.000000        0.886912        0.100000        0.009060        2.602732        5.000000               0               0               0               0               0               0               0        1.000000        1.000000        1.000000        1.000000        1.000000        1.000000        1.000000        1.000000        1.000000        1.000000
c(-1)                              0               0               0               0               0               0               0               0               0               0               0               0               0               0               0               0               0               0               0               0               0               0               0       -0.066217               0               0               0               0               0               0               0               0               0               0               0               0               0               0               0
c_E(-1)                     0.002665        0.133302        0.152430       -0.019129        0.000137       -0.231743        0.007186       -0.126123       -0.126123       -0.661160        0.565078        0.544542        0.043921        0.004046        0.001222        0.001521       -0.117316        0.043922               0       -0.000004        0.000609               0        0.000287        0.008827       -0.026390        0.004046        0.001222       -0.004399        0.000234               0               0               0               0               0               0               0               0               0               0
c_H(-1)                     0.000282        0.525187       -0.141821        0.667008        0.009106        0.837765        0.478086       -0.047556       -0.047556       -0.853191        0.146356        0.143664        0.035870        0.005929        0.001791        0.002624       -0.033866        0.035972               0       -0.000277        0.040547               0        0.019123        0.034776       -0.009951        0.005929        0.001791       -0.005676        0.015578               0               0               0               0               0               0               0               0               0               0
k(-1)                      -0.000628        0.156121        0.150965        0.005156        0.002658        0.438444        0.178785        0.997494        0.022494        0.270010       -0.155792       -0.159591       -0.005082       -0.000026       -0.000008       -0.000410        0.030268       -0.005044               0       -0.000104        0.015163               0        0.007151        0.010338        0.004707       -0.000026       -0.000008        0.001796        0.005826               0               0               0               0               0               0               0               0               0               0
l(-1)                       0.001207       -0.224573       -0.229459        0.004886       -0.005042       -0.639298       -0.264698       -0.039873       -0.039873        0.651935        0.236795        0.247213        0.005736       -0.000661       -0.000200       -0.000389       -0.047997        0.005679               0        0.000153       -0.022449               0       -0.010588       -0.014871       -0.008343       -0.000661       -0.000200       -0.002316       -0.008625               0               0               0               0               0               0               0               0               0               0
r(-1)                       1.665807     -117.719266     -112.500508       -5.218758       -2.671452     -441.118937     -140.251248      -22.398487      -22.398487       57.605340      116.097642      121.359104        0.233759       -1.163713        0.448425        0.415001      -25.370187        0.203739               0        0.081321      -11.894758               0       -5.610050       -7.795028       -4.686678       -1.163713        0.448425        0.383235       -4.570104               0               0               0               0               0               0               0               0               0               0
e(-1)                              0               0               0               0               0               0               0               0               0               0               0               0               0               0               0               0               0               0               0               0               0               0               0               0               0               0               0               0       -0.384212               0               0               0               0               0               0               0               0               0               0
e_a(-1)                    -0.047703       20.520014       17.495973        3.024041        0.052397       46.964929       26.500847        5.955609        5.955609       44.239126      -18.055396      -17.559223       -1.465986       -0.192185       -0.058062       -0.240475        3.955966       -1.460313               0       -0.015366        2.247546               0        1.060034        1.358776        1.246157       -0.192185       -0.058062        0.294313        0.863533        0.950000               0               0               0               0               0               0               0               0               0
e_g(-1)                    -0.012451       -0.142433        0.404199       -0.546631        0.086776        4.937610        4.555735       -0.056168       -0.056168       -4.335248       -0.417123       -0.449842        0.122619        0.038850        0.011737        0.043469        0.078801        0.123594               0       -0.002642        0.386374        4.750000        0.182229       -0.009431       -0.011753        0.038850        0.011737       -0.028841        0.148449               0        0.950000               0               0               0               0               0               0               0               0
e_c(-1)                    -0.029265        4.369104        2.045518        2.323586        0.084020       -1.985724        4.411036        0.037734        0.037734       -1.878681       -1.145854       -1.709511       -0.123171        0.018840        0.005692        0.083121        0.355809       -0.122227               0       -0.002558        0.374102               0        0.176441        0.289309        0.007895        0.018840        0.005692       -0.012498        0.143734               0               0        0.950000               0               0               0               0               0               0               0
e_m(-1)                    -0.125188       25.576746       25.531801        0.044944        0.570981       80.244689       29.976515        4.371237        4.371237       44.673587      -26.348165      -29.705982       -0.651391        0.058662        0.017723       -0.003574        5.639167       -0.644974               0       -0.017381        2.542319               0        1.199061        1.693618        0.914641        0.058662        0.017723        0.297203        0.976788               0               0               0        0.950000               0               0               0               0               0               0
e_r(-1)                     1.007301      -65.772069      -61.173070       -4.598999       -1.502773     -269.954087      -78.895601      -13.048438      -13.048438      -17.989137       63.129041       66.450003       -0.445546       -0.915867        0.128137        0.365717      -14.238900       -0.462434               0        0.045746       -6.691164               0       -3.155824       -4.355236       -2.730266       -0.915867        0.128137       -0.119678       -2.570823               0               0               0               0               0        0.400000               0               0               0               0
e_t(-1)                     0.000014       -0.008306       -0.009425        0.001120       -0.001093       -0.137783       -0.057377       -0.001426       -0.001426        0.041186        0.009727        0.009516       -0.001156       -0.000223       -0.000067       -0.000089       -0.001858       -0.002657        0.040000       -0.007215        0.014170               0       -0.002295       -0.000550       -0.000298       -0.000223       -0.000067        0.000274        0.005444               0               0               0               0               0               0        0.400000               0               0               0
e_p(-1)                            0               0               0               0               0               0               0               0               0               0               0               0               0               0               0               0               0               0               0               0               0               0               0               0               0               0               0               0               0               0               0               0               0               0               0               0        0.900000               0               0
e_e(-1)                     0.001553       -0.223092       -0.236464        0.013372       -0.005183       -0.547697       -0.272102       -0.048751       -0.048751       -0.016462        0.244025        0.221636        0.005107       -0.001252       -0.000378       -0.001063       -0.046916        0.005048               0        0.000158        2.319382               0       -0.010884       -0.014773       -0.010201       -0.001252       -0.000378       -0.000110        0.891134               0               0               0               0               0               0               0               0        0.900000               0
e_mh(-1)                    0.000665       -0.181237       -0.177266       -0.003971       -0.003951       -0.603221       -0.207412       -0.025978       -0.025978       -0.392408        0.182934        0.216420        0.005599        0.000065        0.000020        0.000316       -0.039218        0.005555               0        0.000120       -0.017591               0       -0.008296       -0.012001       -0.005436        0.000065        0.000020       -0.002611       -0.006759               0               0               0               0               0               0               0               0               0        0.900000
y(-1)                              0               0               0               0               0               0               0               0               0               0               0               0               0               0               0               0               0               0               0               0               0               0       -0.040000               0               0               0               0               0               0               0               0               0               0               0               0               0               0               0               0
i(-1)                       0.001606       -0.686629       -0.664430       -0.022199        0.000456       -0.227445        0.023957        0.710563        0.710563       -1.186315        0.685675        0.678492        0.056119        0.007662        0.002315        0.001765       -0.152537        0.056124               0       -0.000014        0.002032               0        0.000958       -0.045467       -0.060562        0.007662        0.002315       -0.007892        0.000781               0               0               0               0               0               0               0               0               0               0
e_i(-1)                     0.025937      -13.081788      -13.089352        0.007564       -0.249239      -34.671217      -13.085070        4.549395        0.009172      -27.694503       13.507876       13.866883        0.370847        0.029404        0.008883       -0.000601       -3.127556        0.368046               0        0.007587       -1.109749               0       -0.523403       -0.866238        0.001919        0.029404        0.008883       -0.184245       -0.426379               0               0               0               0        0.950000               0               0               0               0               0
eta_a                      -0.050214       21.600014       18.416813        3.183201        0.055155       49.436768       27.895629        6.269062        6.269062       46.567501      -19.005680      -18.483393       -1.543143       -0.202300       -0.061118       -0.253131        4.164175       -1.537172               0       -0.016175        2.365838               0        1.115825        1.430290        1.311744       -0.202300       -0.061118        0.309803        0.908983        1.000000               0               0               0               0               0               0               0               0               0
eta_g                      -0.013106       -0.149929        0.425472       -0.575401        0.091343        5.197485        4.795511       -0.059124       -0.059124       -4.563419       -0.439076       -0.473518        0.129073        0.040895        0.012355        0.045757        0.082948        0.130099               0       -0.002781        0.406709        5.000000        0.191820       -0.009928       -0.012371        0.040895        0.012355       -0.030359        0.156262               0        1.000000               0               0               0               0               0               0               0               0
eta_c                      -0.030805        4.599057        2.153177        2.445880        0.088442       -2.090235        4.643196        0.039720        0.039720       -1.977559       -1.206162       -1.799485       -0.129654        0.019832        0.005991        0.087496        0.374536       -0.128660               0       -0.002692        0.393791               0        0.185728        0.304536        0.008311        0.019832        0.005991       -0.013156        0.151299               0               0        1.000000               0               0               0               0               0               0               0
eta_m                      -0.131777       26.922890       26.875580        0.047310        0.601033       84.468094       31.554227        4.601302        4.601302       47.024828      -27.734911      -31.269454       -0.685675        0.061750        0.018656       -0.003762        5.935965       -0.678920               0       -0.018296        2.676125               0        1.262169        1.782756        0.962780        0.061750        0.018656        0.312846        1.028198               0               0               0        1.000000               0               0               0               0               0               0
eta_i                       0.027302      -13.770303      -13.778265        0.007962       -0.262357      -36.496017      -13.773758        4.788837        0.009655      -29.152109       14.218817       14.596719        0.390365        0.030951        0.009351       -0.000633       -3.292164        0.387417               0        0.007986       -1.168157               0       -0.550950       -0.911830        0.002020        0.030951        0.009351       -0.193942       -0.448820               0               0               0               0        1.000000               0               0               0               0               0
eta_r                       2.518252     -164.430172     -152.932674      -11.497498       -3.756933     -674.885217     -197.239004      -32.621094      -32.621094      -44.972842      157.822602      166.125006       -1.113865       -2.289668        0.320342        0.914293      -35.597250       -1.156084               0        0.114364      -16.727909               0       -7.889560      -10.888089       -6.825665       -2.289668        0.320342       -0.299194       -6.427058               0               0               0               0               0        1.000000               0               0               0               0
eta_t                       0.000034       -0.020764       -0.023563        0.002799       -0.002732       -0.344457       -0.143443       -0.003564       -0.003564        0.102966        0.024317        0.023790       -0.002891       -0.000557       -0.000168       -0.000223       -0.004644       -0.006643        0.100000       -0.018036        0.035426               0       -0.005738       -0.001375       -0.000746       -0.000557       -0.000168        0.000685        0.013611               0               0               0               0               0               0        1.000000               0               0               0
eta_p                              0               0               0               0               0               0               0               0               0               0               0               0               0               0               0               0               0               0               0               0               0               0               0               0               0               0               0               0               0               0               0               0               0               0               0               0        1.000000               0               0
eta_e                       0.001726       -0.247880       -0.262738        0.014857       -0.005759       -0.608553       -0.302335       -0.054167       -0.054167       -0.018291        0.271139        0.246262        0.005674       -0.001391       -0.000420       -0.001181       -0.052129        0.005609               0        0.000175        2.577091               0       -0.012093       -0.016414       -0.011334       -0.001391       -0.000420       -0.000122        0.990148               0               0               0               0               0               0               0               0        1.000000               0
eta_mh                      0.000739       -0.201374       -0.196962       -0.004412       -0.004390       -0.670245       -0.230458       -0.028864       -0.028864       -0.436009        0.203260        0.240466        0.006221        0.000073        0.000022        0.000351       -0.043575        0.006172               0        0.000134       -0.019545               0       -0.009218       -0.013334       -0.006040        0.000073        0.000022       -0.002901       -0.007509               0               0               0               0               0               0               0               0               0        1.000000


THEORETICAL MOMENTS
VARIABLE         MEAN  STD. DEV.   VARIANCE
rr             1.0070     0.0004     0.0000
c             15.1018     0.0244     0.0006
c_E            3.2813     0.0324     0.0011
c_H           11.8206     0.0118     0.0001
h              0.3333     0.0030     0.0000
w             46.5020     0.3675     0.1351
y             25.0000     0.1580     0.0250
k            191.1673     0.0159     0.0003
i              4.7792     0.0046     0.0000
l            150.3132     0.1898     0.0360
lb_E           1.0159     0.0243     0.0006
phi_E          0.0131     0.0238     0.0006
mc             0.9000     0.0034     0.0000
pi             1.0050     0.0006     0.0000
r              1.0121     0.0003     0.0000
lb_H           0.2820     0.0004     0.0000
q              1.0000     0.0047     0.0000
varrho         0.8869     0.0075     0.0001
tau            0.1000     0.1091     0.0119
mu             0.0091     0.0197     0.0004
e              2.6027     0.0385     0.0015
g              5.0000     0.0000     0.0000
gy_obs         0.0000     0.0068     0.0000
gc_obs         0.0000     0.0016     0.0000
gi_obs         0.0000     0.0009     0.0000
pi_obs         0.0000     0.0006     0.0000
r_obs          0.0000     0.0003     0.0000
l_obs          0.0000     0.0008     0.0000
co2_obs        0.0000     0.0163     0.0003
e_a            1.0000     0.0000     0.0000
e_g            1.0000     0.0000     0.0000
e_c            1.0000     0.0000     0.0000
e_m            1.0000     0.0000     0.0000
e_i            1.0000     0.0000     0.0000
e_r            1.0000     0.0000     0.0000
e_t            1.0000     1.0911     1.1905
e_p            1.0000     0.0000     0.0000
e_e            1.0000     0.0000     0.0000
e_mh           1.0000     0.0000     0.0000



VARIANCE DECOMPOSITION (in percent)
            eta_a   eta_g   eta_c   eta_m   eta_i   eta_r   eta_t   eta_p   eta_e  eta_mh
rr           0.00    0.00    0.00    0.00    0.00    0.00  100.00    0.00    0.00    0.00
c            0.00    0.00    0.00    0.00    0.00    0.00  100.00    0.00    0.00    0.00
c_E          0.00    0.00    0.00    0.00    0.00    0.00  100.00    0.00    0.00    0.00
c_H          0.00    0.00    0.00    0.00    0.00    0.00  100.00    0.00    0.00    0.00
h            0.00    0.00    0.00    0.00    0.00    0.00  100.00    0.00    0.00    0.00
w            0.00    0.00    0.00    0.00    0.00    0.00  100.00    0.00    0.00    0.00
y            0.00    0.00    0.00    0.00    0.00    0.00  100.00    0.00    0.00    0.00
k            0.00    0.00    0.00    0.00    0.00    0.00  100.00    0.00    0.00    0.00
i            0.00    0.00    0.00    0.00    0.00    0.00  100.00    0.00    0.00    0.00
l            0.00    0.00    0.00    0.00    0.00    0.00  100.00    0.00    0.00    0.00
lb_E         0.00    0.00    0.00    0.00    0.00    0.00  100.00    0.00    0.00    0.00
phi_E        0.00    0.00    0.00    0.00    0.00    0.00  100.00    0.00    0.00    0.00
mc           0.00    0.00    0.00    0.00    0.00    0.00  100.00    0.00    0.00    0.00
pi           0.00    0.00    0.00    0.00    0.00    0.00  100.00    0.00    0.00    0.00
r            0.00    0.00    0.00    0.00    0.00    0.00  100.00    0.00    0.00    0.00
lb_H         0.00    0.00    0.00    0.00    0.00    0.00  100.00    0.00    0.00    0.00
q            0.00    0.00    0.00    0.00    0.00    0.00  100.00    0.00    0.00    0.00
varrho       0.00    0.00    0.00    0.00    0.00    0.00  100.00    0.00    0.00    0.00
tau          0.00    0.00    0.00    0.00    0.00    0.00  100.00    0.00    0.00    0.00
mu           0.00    0.00    0.00    0.00    0.00    0.00  100.00    0.00    0.00    0.00
e            0.00    0.00    0.00    0.00    0.00    0.00  100.00    0.00    0.00    0.00
g            0.00    0.00    0.00    0.00    0.00    0.00  100.00    0.00    0.00    0.00
gy_obs       0.00    0.00    0.00    0.00    0.00    0.00  100.00    0.00    0.00    0.00
gc_obs       0.00    0.00    0.00    0.00    0.00    0.00  100.00    0.00    0.00    0.00
gi_obs       0.00    0.00    0.00    0.00    0.00    0.00  100.00    0.00    0.00    0.00
pi_obs       0.00    0.00    0.00    0.00    0.00    0.00  100.00    0.00    0.00    0.00
r_obs        0.00    0.00    0.00    0.00    0.00    0.00  100.00    0.00    0.00    0.00
l_obs        0.00    0.00    0.00    0.00    0.00    0.00  100.00    0.00    0.00    0.00
co2_obs      0.00    0.00    0.00    0.00    0.00    0.00  100.00    0.00    0.00    0.00
e_a          0.00    0.00    0.00    0.00    0.00    0.00  100.00    0.00    0.00    0.00
e_g          0.00    0.00    0.00    0.00    0.00    0.00  100.00    0.00    0.00    0.00
e_c          0.00    0.00    0.00    0.00    0.00    0.00  100.00    0.00    0.00    0.00
e_m          0.00    0.00    0.00    0.00    0.00    0.00  100.00    0.00    0.00    0.00
e_i         -0.00   -0.00   -0.00   -0.00   -0.00   -0.00  100.00   -0.00   -0.00   -0.00
e_r          0.00    0.00    0.00    0.00    0.00    0.00  100.00    0.00    0.00    0.00
e_t          0.00    0.00    0.00    0.00    0.00    0.00  100.00    0.00    0.00    0.00
e_p          0.00    0.00    0.00    0.00    0.00    0.00  100.00    0.00    0.00    0.00
e_e          0.00    0.00    0.00    0.00    0.00    0.00  100.00    0.00    0.00    0.00
e_mh         0.00    0.00    0.00    0.00    0.00    0.00  100.00    0.00    0.00    0.00



MATRIX OF CORRELATIONS
Variables         rr        c      c_E      c_H        h        w        y        k        i        l     lb_E    phi_E       mc       pi        r     lb_H        q   varrho      tau       mu        e   gy_obs   gc_obs   gi_obs   pi_obs    r_obs    l_obs  co2_obs      e_t
rr            1.0000   0.3611   0.5965  -0.8935   0.2506   0.1571   0.2528   0.5645  -0.0551  -0.7603   0.1089   0.0773   0.2539  -0.0261   0.7813   0.7383  -0.2735   0.2482  -0.2413   0.2412  -0.2372  -0.5242  -0.5297  -0.6131  -0.0261   0.7813   0.3834   0.5180  -0.2413
c             0.3611   1.0000   0.9529  -0.5487   0.9914   0.9754   0.9917   0.4493   0.8171  -0.8781  -0.8416  -0.8567   0.9867   0.9195   0.8637   0.8947   0.7452   0.9924  -0.9886   0.9886  -0.9874   0.4313   0.4870   0.3828   0.9195   0.8637  -0.7204  -0.4197  -0.9886
c_E           0.5965   0.9529   1.0000  -0.7765   0.9206   0.8810   0.9215   0.5399   0.6218  -0.9641  -0.7142  -0.7360   0.8998   0.7643   0.9582   0.9724   0.5871   0.9146  -0.9191   0.9191  -0.9181   0.2659   0.3049   0.1991   0.7643   0.9582  -0.4955  -0.2592  -0.9191
c_H          -0.8935  -0.5487  -0.7765   1.0000  -0.4777  -0.4019  -0.4797  -0.5545  -0.0163   0.8329   0.2202   0.2490  -0.4302  -0.1963  -0.8467  -0.8211  -0.0700  -0.4591   0.4793  -0.4793   0.4790   0.1631   0.1712   0.2464  -0.1963  -0.8467  -0.1308  -0.1575   0.4793
h             0.2506   0.9914   0.9206  -0.4777   1.0000   0.9954   1.0000   0.3936   0.8379  -0.8162  -0.9027  -0.9143   0.9854   0.9523   0.7987   0.8363   0.8241   0.9978  -0.9996   0.9996  -0.9993   0.5403   0.5943   0.4977   0.9523   0.7987  -0.7915  -0.5285  -0.9996
w             0.1571   0.9754   0.8810  -0.4019   0.9954   1.0000   0.9952   0.3487   0.8570  -0.7572  -0.9331  -0.9418   0.9792   0.9731   0.7375   0.7800   0.8693   0.9930  -0.9961   0.9961  -0.9963   0.6057   0.6609   0.5708   0.9731   0.7375  -0.8445  -0.5931  -0.9961
y             0.2528   0.9917   0.9215  -0.4797   1.0000   0.9952   1.0000   0.3971   0.8372  -0.8174  -0.9021  -0.9137   0.9853   0.9515   0.8000   0.8375   0.8232   0.9977  -0.9996   0.9996  -0.9993   0.5391   0.5930   0.4962   0.9515   0.8000  -0.7900  -0.5274  -0.9996
k             0.5645   0.4493   0.5399  -0.5545   0.3936   0.3487   0.3971   1.0000   0.2296  -0.5622  -0.2146  -0.2319   0.3765   0.2309   0.5996   0.5757   0.1097   0.3858  -0.3902   0.3901  -0.3877  -0.0673  -0.0633  -0.1521   0.2309   0.5996  -0.0127   0.0645  -0.3902
i            -0.0551   0.8171   0.6218  -0.0163   0.8379   0.8570   0.8372   0.2296   1.0000  -0.5463  -0.7817  -0.7836   0.8738   0.9175   0.5234   0.5698   0.7484   0.8532  -0.8288   0.8288  -0.8257   0.5099   0.5782   0.4836   0.9175   0.5234  -0.8581  -0.4943  -0.8288
l            -0.7603  -0.8781  -0.9641   0.8329  -0.8162  -0.7572  -0.8174  -0.5622  -0.5463   1.0000   0.5277   0.5542  -0.8156  -0.6264  -0.9987  -0.9991  -0.3768  -0.8159   0.8092  -0.8091   0.8062  -0.0302  -0.0662   0.0491  -0.6264  -0.9987   0.3055   0.0254   0.8092
lb_E          0.1089  -0.8416  -0.7142   0.2202  -0.9027  -0.9331  -0.9021  -0.2146  -0.7817   0.5277   1.0000   0.9995  -0.8438  -0.9200  -0.5057  -0.5573  -0.9855  -0.8844   0.9108  -0.9108   0.9136  -0.8497  -0.8798  -0.8167  -0.9200  -0.5057   0.8941   0.8421   0.9108
phi_E         0.0773  -0.8567  -0.7360   0.2490  -0.9143  -0.9418  -0.9137  -0.2319  -0.7836   0.5542   0.9995   1.0000  -0.8559  -0.9233  -0.5327  -0.5833  -0.9796  -0.8961   0.9220  -0.9221   0.9248  -0.8344  -0.8648  -0.7989  -0.9233  -0.5327   0.8858   0.8269   0.9220
mc            0.2539   0.9867   0.8998  -0.4302   0.9854   0.9792   0.9853   0.3765   0.8738  -0.8156  -0.8438  -0.8559   1.0000   0.9594   0.7967   0.8340   0.7622   0.9945  -0.9814   0.9814  -0.9799   0.4441   0.5138   0.4154   0.9594   0.7967  -0.7945  -0.4285  -0.9814
pi           -0.0261   0.9195   0.7643  -0.1963   0.9523   0.9731   0.9515   0.2309   0.9175  -0.6264  -0.9200  -0.9233   0.9594   1.0000   0.6010   0.6522   0.8836   0.9595  -0.9514   0.9514  -0.9512   0.6350   0.7045   0.6262   1.0000   0.6010  -0.9329  -0.6181  -0.9514
r             0.7813   0.8637   0.9582  -0.8467   0.7987   0.7375   0.8000   0.5996   0.5234  -0.9987  -0.5057  -0.5327   0.7967   0.6010   1.0000   0.9977   0.3523   0.7976  -0.7916   0.7916  -0.7886   0.0084   0.0419  -0.0742   0.6010   1.0000  -0.2747  -0.0042  -0.7916
lb_H          0.7383   0.8947   0.9724  -0.8211   0.8363   0.7800   0.8375   0.5757   0.5698  -0.9991  -0.5573  -0.5833   0.8340   0.6522   0.9977   1.0000   0.4091   0.8355  -0.8297   0.8296  -0.8268   0.0636   0.1005  -0.0154   0.6522   0.9977  -0.3374  -0.0584  -0.8297
q            -0.2735   0.7452   0.5871  -0.0700   0.8241   0.8693   0.8232   0.1097   0.7484  -0.3768  -0.9855  -0.9796   0.7622   0.8836   0.3523   0.4091   1.0000   0.8052  -0.8342   0.8342  -0.8379   0.9180   0.9452   0.8998   0.8836   0.3523  -0.9199  -0.9103  -0.8342
varrho        0.2482   0.9924   0.9146  -0.4591   0.9978   0.9930   0.9977   0.3858   0.8532  -0.8159  -0.8844  -0.8961   0.9945   0.9595   0.7976   0.8355   0.8052   1.0000  -0.9962   0.9961  -0.9954   0.5076   0.5683   0.4714   0.9595   0.7976  -0.7983  -0.4942  -0.9962
tau          -0.2413  -0.9886  -0.9191   0.4793  -0.9996  -0.9961  -0.9996  -0.3902  -0.8288   0.8092   0.9108   0.9220  -0.9814  -0.9514  -0.7916  -0.8297  -0.8342  -0.9962   1.0000  -1.0000   1.0000  -0.5563  -0.6090  -0.5141  -0.9514  -0.7916   0.7947   0.5447   1.0000
mu            0.2412   0.9886   0.9191  -0.4793   0.9996   0.9961   0.9996   0.3901   0.8288  -0.8091  -0.9108  -0.9221   0.9814   0.9514   0.7916   0.8296   0.8342   0.9961  -1.0000   1.0000  -1.0000   0.5563   0.6090   0.5142   0.9514   0.7916  -0.7947  -0.5448  -1.0000
e            -0.2372  -0.9874  -0.9181   0.4790  -0.9993  -0.9963  -0.9993  -0.3877  -0.8257   0.8062   0.9136   0.9248  -0.9799  -0.9512  -0.7886  -0.8268  -0.8379  -0.9954   1.0000  -1.0000   1.0000  -0.5621  -0.6144  -0.5203  -0.9512  -0.7886   0.7961   0.5507   1.0000
gy_obs       -0.5242   0.4313   0.2659   0.1631   0.5403   0.6057   0.5391  -0.0673   0.5099  -0.0302  -0.8497  -0.8344   0.4441   0.6350   0.0084   0.0636   0.9180   0.5076  -0.5563   0.5563  -0.5621   1.0000   0.9929   0.9874   0.6350   0.0084  -0.7822  -0.9995  -0.5563
gc_obs       -0.5297   0.4870   0.3049   0.1712   0.5943   0.6609   0.5930  -0.0633   0.5782  -0.0662  -0.8798  -0.8648   0.5138   0.7045   0.0419   0.1005   0.9452   0.5683  -0.6090   0.6090  -0.6144   0.9929   1.0000   0.9908   0.7045   0.0419  -0.8479  -0.9887  -0.6090
gi_obs       -0.6131   0.3828   0.1991   0.2464   0.4977   0.5708   0.4962  -0.1521   0.4836   0.0491  -0.8167  -0.7989   0.4154   0.6262  -0.0742  -0.0154   0.8998   0.4714  -0.5141   0.5142  -0.5203   0.9874   0.9908   1.0000   0.6262  -0.0742  -0.8068  -0.9835  -0.5141
pi_obs       -0.0261   0.9195   0.7643  -0.1963   0.9523   0.9731   0.9515   0.2309   0.9175  -0.6264  -0.9200  -0.9233   0.9594   1.0000   0.6010   0.6522   0.8836   0.9595  -0.9514   0.9514  -0.9512   0.6350   0.7045   0.6262   1.0000   0.6010  -0.9329  -0.6181  -0.9514
r_obs         0.7813   0.8637   0.9582  -0.8467   0.7987   0.7375   0.8000   0.5996   0.5234  -0.9987  -0.5057  -0.5327   0.7967   0.6010   1.0000   0.9977   0.3523   0.7976  -0.7916   0.7916  -0.7886   0.0084   0.0419  -0.0742   0.6010   1.0000  -0.2747  -0.0042  -0.7916
l_obs         0.3834  -0.7204  -0.4955  -0.1308  -0.7915  -0.8445  -0.7900  -0.0127  -0.8581   0.3055   0.8941   0.8858  -0.7945  -0.9329  -0.2747  -0.3374  -0.9199  -0.7983   0.7947  -0.7947   0.7961  -0.7822  -0.8479  -0.8068  -0.9329  -0.2747   1.0000   0.7644   0.7947
co2_obs       0.5180  -0.4197  -0.2592  -0.1575  -0.5285  -0.5931  -0.5274   0.0645  -0.4943   0.0254   0.8421   0.8269  -0.4285  -0.6181  -0.0042  -0.0584  -0.9103  -0.4942   0.5447  -0.5448   0.5507  -0.9995  -0.9887  -0.9835  -0.6181  -0.0042   0.7644   1.0000   0.5447
e_t          -0.2413  -0.9886  -0.9191   0.4793  -0.9996  -0.9961  -0.9996  -0.3902  -0.8288   0.8092   0.9108   0.9220  -0.9814  -0.9514  -0.7916  -0.8297  -0.8342  -0.9962   1.0000  -1.0000   1.0000  -0.5563  -0.6090  -0.5141  -0.9514  -0.7916   0.7947   0.5447   1.0000



COEFFICIENTS OF AUTOCORRELATION
Order            1        2        3        4        5
rr          0.7560   0.4948   0.2913   0.1536   0.0689
c           0.5256   0.2405   0.0889   0.0182  -0.0088
c_E         0.6872   0.4690   0.3199   0.2187   0.1498
