Starting Dynare (version 6.2).
Calling Dynare with arguments: noclearall
Starting preprocessing of the model file ... 
Found 39 equation(s). 
Evaluating expressions... 
Computing static model derivatives (order 1). 
Normalizing the static model... 
Finding the optimal block decomposition of the static model... 
16 block(s) found: 
  15 recursive block(s) and 1 simultaneous block(s). 
  the largest simultaneous block has 18 equation(s) 
                                 and 18 feedback variable(s). 
Computing dynamic model derivatives (order 1). 
Normalizing the dynamic model... 
Finding the optimal block decomposition of the dynamic model... 
13 block(s) found: 
  12 recursive block(s) and 1 simultaneous block(s). 
  the largest simultaneous block has 21 equation(s) 
                                 and 19 feedback variable(s). 
Preprocessing completed. 
Preprocessing time: 0h00m00s.
[Warning: Some of the parameters have no value (chi, A) when using steady. If these parameters are not initialized in a steadystate file or
a steady_state_model-block, Dynare may not be able to solve the model. Note that simul, perfect_foresight_setup, and
perfect_foresight_solver do not automatically call the steady state file.] 

STEADY-STATE RESULTS:

rr      		 1.00705
c       		 12.8007
c_E     		 4.77946
c_H     		 8.02122
h       		 0.333333
w       		 39.0578
y       		 25
k       		 131.187
i       		 3.27967
l       		 20.846
lb_E    		 0.697429
phi_E   		 0.0130916
mc      		 0.9
pi      		 1.005
r       		 1.01208
lb_H    		 0.415564
q       		 1
varrho  		 0.747854
tau     		 0.1
mu      		 1.55203
e       		 -1.44991
g       		 5
gy_obs  		 0
gc_obs  		 0
gi_obs  		 0
pi_obs  		 0
r_obs   		 0
l_obs   		 0
co2_obs 		 0
e_a     		 1
e_g     		 1
e_c     		 1
e_m     		 1
e_i     		 1
e_r     		 1
e_t     		 1
e_p     		 1
e_e     		 1
e_mh    		 1


Residuals of the static equations:
Equation number  1: marginal utility of consumption :       0.000000
Equation number  2: Euler                           :       0.000000
Equation number  3: Labor Supply                    :       0.000000
Equation number  4: FOC i                           :       0.000000
Equation number  5: technology                      :       0.000000
Equation number  6: Borrowing constraint            :       0.000000
Equation number  7: Capital law of motion           :       0.000000
Equation number  8: FOC c                           :       0.000000
Equation number  9: FOC l                           :       0.000000
Equation number 10: FOC k                           :       0.000000
Equation number 11: FOC h                           :       0.000000
Equation number 12: NKPC                            :       0.000000
Equation number 13: FOC y                           :       0.000000
Equation number 14: FOC mu                          :       0.000000
Equation number 15: balance sheet                   :       0.000000
Equation number 16: Resources Constraint            :       0.000000
Equation number 17: Total consumption               :       0.000000
Equation number 18: Total emissions                 :       0.000000
Equation number 19: Fisherian equation              :       0.000000
Equation number 20: Monetary Policy rule            :       0.000000
Equation number 21: Public spending                 :       0.000000
Equation number 22: Carbon tax                      :       0.000000
Equation number 23: measurement GDP                 :       0.000000
Equation number 24: measurement consumption         :       0.000000
Equation number 25: measurement investment          :       0.000000
Equation number 26: measurement inflation           :       0.000000
Equation number 27: measurement interest rate       :       0.000000
Equation number 28: measurement corporate loans     :       0.000000
Equation number 29: measurement corporate loans     :       0.000000
Equation number 30: shocks                          :       0.000000
Equation number 31: 31                              :       0.000000
Equation number 32: 32                              :       0.000000
Equation number 33: 33                              :       0.000000
Equation number 34: 34                              :       0.000000
Equation number 35: 35                              :       0.000000
Equation number 36: 36                              :       0.000000
Equation number 37: 37                              :       0.000000
Equation number 38: 38                              :       0.000000
Equation number 39: 39                              :       0.000000



MODEL SUMMARY

  Number of variables:         39
  Number of stochastic shocks: 10
  Number of state variables:   19
  Number of jumpers:           8
  Number of static variables:  15


MATRIX OF COVARIANCE OF EXOGENOUS SHOCKS
Variables       eta_a     eta_g     eta_c     eta_m     eta_i     eta_r     eta_t     eta_p     eta_e    eta_mh
eta_a        0.000000  0.000000  0.000000  0.000000  0.000000  0.000000  0.000000  0.000000  0.000000  0.000000
eta_g        0.000000  0.000000  0.000000  0.000000  0.000000  0.000000  0.000000  0.000000  0.000000  0.000000
eta_c        0.000000  0.000000  0.000000  0.000000  0.000000  0.000000  0.000000  0.000000  0.000000  0.000000
eta_m        0.000000  0.000000  0.000000  1.000000  0.000000  0.000000  0.000000  0.000000  0.000000  0.000000
eta_i        0.000000  0.000000  0.000000  0.000000  0.000000  0.000000  0.000000  0.000000  0.000000  0.000000
eta_r        0.000000  0.000000  0.000000  0.000000  0.000000  0.000000  0.000000  0.000000  0.000000  0.000000
eta_t        0.000000  0.000000  0.000000  0.000000  0.000000  0.000000  0.000000  0.000000  0.000000  0.000000
eta_p        0.000000  0.000000  0.000000  0.000000  0.000000  0.000000  0.000000  0.000000  0.000000  0.000000
eta_e        0.000000  0.000000  0.000000  0.000000  0.000000  0.000000  0.000000  0.000000  0.000000  0.000000
eta_mh       0.000000  0.000000  0.000000  0.000000  0.000000  0.000000  0.000000  0.000000  0.000000  0.000000

POLICY AND TRANSITION FUNCTIONS
                                  rr               c             c_E             c_H               h               w               y               k               i               l            lb_E           phi_E              mc              pi               r            lb_H               q          varrho             tau              mu               e               g          gy_obs          gc_obs          gi_obs          pi_obs           r_obs           l_obs         co2_obs             e_a             e_g             e_c             e_m             e_i             e_r             e_t             e_p             e_e            e_mh
Constant                    1.007049       12.800677        4.779459        8.021219        0.333333       39.057778       25.000000      131.186717        3.279668       20.845978        0.697429        0.013092        0.900000        1.005000        1.012085        0.415564        1.000000        0.747854        0.100000        1.552027       -1.449913        5.000000               0               0               0               0               0               0               0        1.000000        1.000000        1.000000        1.000000        1.000000        1.000000        1.000000        1.000000        1.000000        1.000000
c(-1)                              0               0               0               0               0               0               0               0               0               0               0               0               0               0               0               0               0               0               0               0               0               0               0       -0.078121               0               0               0               0               0               0               0               0               0               0               0               0               0               0               0
c_E(-1)                     0.004512        0.249114        0.276747       -0.027633        0.002399       -0.167458        0.125929       -0.168596       -0.168596       -0.117446        0.205873        0.286800        0.084753        0.008681        0.002623        0.004772       -0.235733        0.083755               0        0.003909       -0.016110               0        0.005037        0.019461       -0.051407        0.008681        0.002623       -0.005634        0.011111               0               0               0               0               0               0               0               0               0               0
c_H(-1)                     0.000946        0.479643       -0.180521        0.660164        0.012380        0.804050        0.649961       -0.064063       -0.064063       -0.142930        0.087807        0.134326        0.068855        0.010820        0.003269        0.006879       -0.101535        0.063701               0        0.020175       -0.083147               0        0.025998        0.037470       -0.019533        0.010820        0.003269       -0.006856        0.057346               0               0               0               0               0               0               0               0               0               0
k(-1)                      -0.000296        0.050261        0.044620        0.005642        0.000677        0.170899        0.092715        0.984020        0.009020        0.088861       -0.021703       -0.028293       -0.005667       -0.000588       -0.000178       -0.000974        0.020152       -0.006402               0        0.002878       -0.011861               0        0.003709        0.003926        0.002750       -0.000588       -0.000178        0.004263        0.008180               0               0               0               0               0               0               0               0               0               0
l(-1)                       0.002202       -0.174329       -0.176018        0.001689       -0.006937       -0.785383       -0.364177       -0.058523       -0.058523        0.476968        0.085616        0.134401        0.017401        0.000016        0.000005       -0.000292       -0.100027        0.020289               0       -0.011304        0.046588               0       -0.014567       -0.013619       -0.017844        0.000016        0.000005       -0.025090       -0.032131               0               0               0               0               0               0               0               0               0               0
r(-1)                       1.069638       -5.850372       -0.488461       -5.361911       -0.186670     -108.902080       -9.800189       -0.415788       -0.415788       -1.258808        0.237591        0.215533       -2.224397       -0.770916        0.567095        0.925969       -1.011850       -2.146691               0       -0.304203        1.253699               0       -0.392008       -0.457036       -0.126777       -0.770916        0.567095       -0.060386       -0.864672               0               0               0               0               0               0               0               0               0               0
e(-1)                              0               0               0               0               0               0               0               0               0               0               0               0               0               0               0               0               0               0               0               0               0               0               0               0               0               0               0               0        0.689696               0               0               0               0               0               0               0               0               0               0
e_a(-1)                    -0.009324        7.993452        5.966280        2.027172       -0.123509       18.431098       17.265767        3.046137        3.046137        4.091068       -2.902042       -3.809058       -1.437293       -0.240296       -0.072597       -0.350080        3.252392       -1.574195               0        0.535939       -2.208741               0        0.690631        0.624455        0.928794       -0.240296       -0.072597        0.196252        1.523361        0.950000               0               0               0               0               0               0               0               0               0
e_g(-1)                    -0.017989       -1.025009       -0.368084       -0.656925        0.109200        2.132728        5.732988       -0.059365       -0.059365       -0.640836        0.179039        0.312183        0.252693        0.069437        0.020978        0.113447       -0.190931        0.207235               0        0.177955       -0.733398        4.750000        0.229320       -0.080075       -0.018101        0.069437        0.020978       -0.030741        0.505822               0        0.950000               0               0               0               0               0               0               0               0
e_c(-1)                    -0.034313        2.519505        1.144565        1.374940        0.071951       -6.357464        3.777427       -0.104249       -0.104249       -1.266712        0.105833       -0.272885       -0.124555        0.025590        0.007731        0.157343        0.194872       -0.154507               0        0.117253       -0.483231               0        0.151097        0.196826       -0.031786        0.025590        0.007731       -0.060765        0.333283               0               0        0.950000               0               0               0               0               0               0               0
e_m(-1)                    -0.043231        3.792082        3.692573        0.099509        0.147332       18.878579        7.734956        1.153585        1.153585       12.034767       -1.796094       -3.066081       -0.390443       -0.008899       -0.002689       -0.017185        2.215100       -0.451774               0        0.240097       -0.989502               0        0.309398        0.296241        0.351738       -0.008899       -0.002689        0.577318        0.682456               0               0               0        0.950000               0               0               0               0               0               0
e_r(-1)                     0.631985       -0.900790        3.345613       -4.246404        0.001673      -68.727411        0.087850        0.956961        0.956961       -4.588612       -1.627331       -2.321897       -2.005083       -0.670699        0.202206        0.733328        1.274369       -2.005780               0        0.002727       -0.011238               0        0.003514       -0.070371        0.291786       -0.670699        0.202206       -0.220120        0.007751               0               0               0               0               0        0.400000               0               0               0               0
e_t(-1)                     0.021006       -1.230002       -1.108822       -0.121180        0.027923        1.304931        1.465946       -0.380460       -0.380460        0.592431        0.539339        0.843223        0.403126        0.041921        0.012665        0.020927       -0.640529        0.294709        0.040000        0.433510       -1.206643               0        0.058638       -0.096089       -0.116006        0.041921        0.012665        0.028419        0.832217               0               0               0               0               0               0        0.400000               0               0               0
e_p(-1)                            0               0               0               0               0               0               0               0               0               0               0               0               0               0               0               0               0               0               0               0               0               0               0               0               0               0               0               0               0               0               0               0               0               0               0               0        0.900000               0               0
e_e(-1)                    -0.001185        0.059035        0.066793       -0.007759        0.002717        0.192390        0.142626        0.032159        0.032159        0.028087       -0.032489       -0.037577       -0.004539        0.000842        0.000254        0.001340        0.034243       -0.005670               0        0.004427       -1.323167               0        0.005705        0.004612        0.009806        0.000842        0.000254        0.001347        0.912584               0               0               0               0               0               0               0               0        0.900000               0
e_mh(-1)                    0.005839       -0.639228       -0.608604       -0.030624       -0.023727       -3.277174       -1.245643       -0.157227       -0.157227       -2.067250        0.296029        0.526708        0.071650        0.004534        0.001370        0.005289       -0.363201        0.081527               0       -0.038665        0.159350               0       -0.049826       -0.049937       -0.047940        0.004534        0.001370       -0.099168       -0.109903               0               0               0               0               0               0               0               0               0        0.900000
y(-1)                              0               0               0               0               0               0               0               0               0               0               0               0               0               0               0               0               0               0               0               0               0               0       -0.040000               0               0               0               0               0               0               0               0               0               0               0               0               0               0               0               0
i(-1)                       0.004900       -0.622993       -0.593890       -0.029103       -0.000398       -0.519018       -0.020900        0.609630        0.609630       -0.416545        0.288872        0.399338        0.108465        0.012321        0.003722        0.005026       -0.347428        0.108631               0       -0.000649        0.002674               0       -0.000836       -0.048669       -0.119027        0.012321        0.003722       -0.019982       -0.001844               0               0               0               0               0               0               0               0               0               0
e_i(-1)                     0.015262       -3.374955       -3.406288        0.031333       -0.096325      -10.778156       -5.057061        3.257197        0.141513       -8.037599        1.656843        2.103194        0.314570        0.034277        0.010356       -0.005411       -2.148270        0.354668               0       -0.156974        0.646930               0       -0.202282       -0.263654        0.043148        0.034277        0.010356       -0.385571       -0.446185               0               0               0               0        0.950000               0               0               0               0               0
eta_a                      -0.009815        8.414160        6.280294        2.133866       -0.130010       19.401156       18.174491        3.206460        3.206460        4.306388       -3.054781       -4.009535       -1.512940       -0.252943       -0.076418       -0.368505        3.423570       -1.657048               0        0.564146       -2.324991               0        0.726980        0.657321        0.977678       -0.252943       -0.076418        0.206581        1.603538        1.000000               0               0               0               0               0               0               0               0               0
eta_g                      -0.018935       -1.078957       -0.387457       -0.691500        0.114947        2.244977        6.034724       -0.062490       -0.062490       -0.674564        0.188462        0.328613        0.265992        0.073091        0.022082        0.119418       -0.200980        0.218142               0        0.187321       -0.771998        5.000000        0.241389       -0.084289       -0.019054        0.073091        0.022082       -0.032359        0.532445               0        1.000000               0               0               0               0               0               0               0               0
eta_c                      -0.036119        2.652110        1.204805        1.447305        0.075738       -6.692068        3.976239       -0.109736       -0.109736       -1.333381        0.111403       -0.287247       -0.131111        0.026937        0.008138        0.165624        0.205128       -0.162639               0        0.123425       -0.508665               0        0.159050        0.207185       -0.033459        0.026937        0.008138       -0.063963        0.350824               0               0        1.000000               0               0               0               0               0               0               0
eta_m                      -0.045506        3.991666        3.886919        0.104747        0.155087       19.872189        8.142059        1.214300        1.214300       12.668176       -1.890626       -3.227453       -0.410992       -0.009367       -0.002830       -0.018089        2.331684       -0.475551               0        0.252734       -1.041581               0        0.325682        0.311832        0.370251       -0.009367       -0.002830        0.607704        0.718375               0               0               0        1.000000               0               0               0               0               0               0
eta_i                       0.016065       -3.552585       -3.585566        0.032982       -0.101395      -11.345427       -5.323222        3.428629        0.148961       -8.460631        1.744046        2.213889        0.331127        0.036081        0.010901       -0.005696       -2.261337        0.373335               0       -0.165236        0.680979               0       -0.212929       -0.277531        0.045419        0.036081        0.010901       -0.405864       -0.469669               0               0               0               0        1.000000               0               0               0               0               0
eta_r                       1.579963       -2.251976        8.364034      -10.616009        0.004183     -171.818528        0.219626        2.392402        2.392402      -11.471530       -4.068327       -5.804742       -5.012708       -1.676748        0.505514        1.833319        3.185922       -5.014449               0        0.006817       -0.028096               0        0.008785       -0.175926        0.729465       -1.676748        0.505514       -0.550299        0.019378               0               0               0               0               0        1.000000               0               0               0               0
eta_t                       0.052515       -3.075006       -2.772056       -0.302950        0.069807        3.262326        3.664865       -0.951149       -0.951149        1.481078        1.348348        2.108057        1.007816        0.104803        0.031662        0.052318       -1.601322        0.736772        0.100000        1.083776       -3.016607               0        0.146595       -0.240222       -0.290014        0.104803        0.031662        0.071049        2.080543               0               0               0               0               0               0        1.000000               0               0               0
eta_p                              0               0               0               0               0               0               0               0               0               0               0               0               0               0               0               0               0               0               0               0               0               0               0               0               0               0               0               0               0               0               0               0               0               0               0               0        1.000000               0               0
eta_e                      -0.001317        0.065594        0.074215       -0.008621        0.003019        0.213767        0.158473        0.035733        0.035733        0.031208       -0.036099       -0.041752       -0.005043        0.000936        0.000283        0.001489        0.038048       -0.006300               0        0.004919       -1.470186               0        0.006339        0.005124        0.010895        0.000936        0.000283        0.001497        1.013982               0               0               0               0               0               0               0               0        1.000000               0
eta_mh                      0.006488       -0.710253       -0.676226       -0.034026       -0.026363       -3.641305       -1.384048       -0.174696       -0.174696       -2.296944        0.328921        0.585231        0.079611        0.005038        0.001522        0.005876       -0.403556        0.090585               0       -0.042962        0.177056               0       -0.055362       -0.055486       -0.053266        0.005038        0.001522       -0.110186       -0.122115               0               0               0               0               0               0               0               0               0        1.000000


THEORETICAL MOMENTS
VARIABLE          MEAN   STD. DEV.    VARIANCE
rr              1.0070      0.0560      0.0031
c              12.8007      4.7190     22.2688
c_E             4.7795      5.0831     25.8379
c_H             8.0212      1.5729      2.4742
h               0.3333      0.1828      0.0334
w              39.0578     21.8016    475.3088
y              25.0000     10.0051    100.1011
k             131.1867     28.2761    799.5371
i               3.2797      2.1368      4.5660
l              20.8460     73.9400   5467.1239
lb_E            0.6974      2.0065      4.0262
phi_E           0.0131      3.2366     10.4757
mc              0.9000      0.5214      0.2719
pi              1.0050      0.0516      0.0027
r               1.0121      0.0302      0.0009
lb_H            0.4156      0.0867      0.0075
q               1.0000      2.3762      5.6464
varrho          0.7479      0.5562      0.3094
tau             0.1000      0.0000      0.0000
mu              1.5520      0.3106      0.0964
e              -1.4499      1.2799      1.6382
g               5.0000      0.0000      0.0000
gy_obs          0.0000      0.3859      0.1489
gc_obs          0.0000      0.3653      0.1335
gi_obs          0.0000      0.4574      0.2092
pi_obs          0.0000      0.0516      0.0027
r_obs           0.0000      0.0302      0.0009
l_obs           0.0000      0.6730      0.4529
co2_obs         0.0000      0.8513      0.7246
e_a             1.0000      0.0000      0.0000
e_g             1.0000      0.0000      0.0000
e_c             1.0000      0.0000      0.0000
e_m             1.0000      3.2026     10.2564
e_i             1.0000      0.0000      0.0000
e_r             1.0000      0.0000      0.0000
e_t             1.0000      0.0000      0.0000
e_p             1.0000      0.0000      0.0000
e_e             1.0000      0.0000      0.0000
e_mh            1.0000      0.0000      0.0000



VARIANCE DECOMPOSITION (in percent)
            eta_a   eta_g   eta_c   eta_m   eta_i   eta_r   eta_t   eta_p   eta_e  eta_mh
rr           0.00    0.00    0.00  100.00    0.00    0.00    0.00    0.00    0.00    0.00
c            0.00    0.00    0.00  100.00    0.00    0.00    0.00    0.00    0.00    0.00
c_E          0.00    0.00    0.00  100.00    0.00    0.00    0.00    0.00    0.00    0.00
c_H          0.00    0.00    0.00  100.00    0.00    0.00    0.00    0.00    0.00    0.00
h            0.00    0.00    0.00  100.00    0.00    0.00    0.00    0.00    0.00    0.00
w            0.00    0.00    0.00  100.00    0.00    0.00    0.00    0.00    0.00    0.00
y            0.00    0.00    0.00  100.00    0.00    0.00    0.00    0.00    0.00    0.00
k            0.00    0.00    0.00  100.00    0.00    0.00    0.00    0.00    0.00    0.00
i            0.00    0.00    0.00  100.00    0.00    0.00    0.00    0.00    0.00    0.00
l            0.00    0.00    0.00  100.00    0.00    0.00    0.00    0.00    0.00    0.00
lb_E         0.00    0.00    0.00  100.00    0.00    0.00    0.00    0.00    0.00    0.00
phi_E        0.00    0.00    0.00  100.00    0.00    0.00    0.00    0.00    0.00    0.00
mc           0.00    0.00    0.00  100.00    0.00    0.00    0.00    0.00    0.00    0.00
pi           0.00    0.00    0.00  100.00    0.00    0.00    0.00    0.00    0.00    0.00
r            0.00    0.00    0.00  100.00    0.00    0.00    0.00    0.00    0.00    0.00
lb_H         0.00    0.00    0.00  100.00    0.00    0.00    0.00    0.00    0.00    0.00
q            0.00    0.00    0.00  100.00    0.00    0.00    0.00    0.00    0.00    0.00
varrho       0.00    0.00    0.00  100.00    0.00    0.00    0.00    0.00    0.00    0.00
tau         -0.00   -0.00   -0.00  100.00   -0.00   -0.00   -0.00   -0.00   -0.00   -0.00
mu           0.00    0.00    0.00  100.00    0.00    0.00    0.00    0.00    0.00    0.00
e            0.00    0.00    0.00  100.00    0.00    0.00    0.00    0.00    0.00    0.00
g            0.00    0.00    0.00  100.00    0.00    0.00    0.00    0.00    0.00    0.00
gy_obs       0.00    0.00    0.00  100.00    0.00    0.00    0.00    0.00    0.00    0.00
gc_obs       0.00    0.00    0.00  100.00    0.00    0.00    0.00    0.00    0.00    0.00
gi_obs       0.00    0.00    0.00  100.00    0.00    0.00    0.00    0.00    0.00    0.00
pi_obs       0.00    0.00    0.00  100.00    0.00    0.00    0.00    0.00    0.00    0.00
r_obs        0.00    0.00    0.00  100.00    0.00    0.00    0.00    0.00    0.00    0.00
l_obs        0.00    0.00    0.00  100.00    0.00    0.00    0.00    0.00    0.00    0.00
co2_obs      0.00    0.00    0.00  100.00    0.00    0.00    0.00    0.00    0.00    0.00
e_a         -0.00   -0.00   -0.00  100.00   -0.00   -0.00   -0.00   -0.00   -0.00   -0.00
e_g          0.00    0.00    0.00  100.00    0.00    0.00    0.00    0.00    0.00    0.00
e_c         -0.00   -0.00   -0.00  100.00   -0.00   -0.00   -0.00   -0.00   -0.00   -0.00
e_m          0.00    0.00    0.00  100.00    0.00    0.00    0.00    0.00    0.00    0.00
e_i          0.00    0.00    0.00  100.00    0.00    0.00    0.00    0.00    0.00    0.00
e_r         -0.00   -0.00   -0.00  100.00   -0.00   -0.00   -0.00   -0.00   -0.00   -0.00
e_t         -0.00   -0.00   -0.00  100.00   -0.00   -0.00   -0.00   -0.00   -0.00   -0.00
e_p          0.00    0.00    0.00  100.00    0.00    0.00    0.00    0.00    0.00    0.00
e_e          0.00    0.00    0.00  100.00    0.00    0.00    0.00    0.00    0.00    0.00
e_mh         0.00    0.00    0.00  100.00    0.00    0.00    0.00    0.00    0.00    0.00



MATRIX OF CORRELATIONS
Variables         rr        c      c_E      c_H        h        w        y        k        i        l     lb_E    phi_E       mc       pi        r     lb_H        q   varrho       mu        e   gy_obs   gc_obs   gi_obs   pi_obs    r_obs    l_obs  co2_obs      e_m
rr            1.0000  -0.5491  -0.4576  -0.1685  -0.5828  -0.6528  -0.5284   0.1562  -0.3694   0.0120   0.8499   0.8312   0.7773   0.1624   0.4319   0.2150  -0.8679   0.8041  -0.5284   0.5284  -0.8721  -0.8665  -0.8851   0.1624   0.4319  -0.5994  -0.8721  -0.0891
c            -0.5491   1.0000   0.9512  -0.0738   0.9600   0.9594   0.9710   0.3561   0.6986   0.1360  -0.7311  -0.8128  -0.3879   0.2503   0.2724  -0.0436   0.7493  -0.5022   0.9710  -0.9710   0.4799   0.4955   0.4287   0.2503   0.2724   0.9719   0.4799   0.2864
c_E          -0.4576   0.9512   1.0000  -0.3779   0.9652   0.8525   0.9932   0.4731   0.8729  -0.1421  -0.7200  -0.7386  -0.3417   0.3412   0.5004   0.2562   0.6835  -0.4621   0.9932  -0.9932   0.4408   0.4567   0.3889   0.3412   0.5004   0.9461   0.4408   0.0146
c_H          -0.1685  -0.0738  -0.3779   1.0000  -0.2391   0.1233  -0.2966  -0.4606  -0.7251   0.8671   0.1334  -0.0515  -0.0594  -0.3519  -0.7999  -0.9588   0.0392  -0.0134  -0.2966   0.2966   0.0153   0.0107   0.0295  -0.3519  -0.7999  -0.1415   0.0153   0.8118
h            -0.5828   0.9600   0.9652  -0.2391   1.0000   0.9291   0.9873   0.2327   0.8356  -0.0184  -0.7640  -0.8199  -0.4006   0.3261   0.3708   0.1426   0.7660  -0.5164   0.9873  -0.9873   0.5125   0.5258   0.4683   0.3261   0.3708   0.9867   0.5125   0.1515
w            -0.6528   0.9594   0.8525   0.1233   0.9291   1.0000   0.9010   0.1032   0.5787   0.3168  -0.7545  -0.8788  -0.4720   0.1402   0.0717  -0.2335   0.8196  -0.5710   0.9010  -0.9010   0.5580   0.5717   0.5124   0.1402   0.0717   0.9630   0.5580   0.4673
y            -0.5284   0.9710   0.9932  -0.2966   0.9873   0.9010   1.0000   0.3844   0.8494  -0.0754  -0.7500  -0.7864  -0.3766   0.3299   0.4255   0.1843   0.7315  -0.4957   1.0000  -1.0000   0.4822   0.4970   0.4335   0.3299   0.4255   0.9726   0.4822   0.0867
k             0.1562   0.3561   0.4731  -0.4606   0.2327   0.1032   0.3844   1.0000   0.3645  -0.3883  -0.1515  -0.0421   0.0257   0.1359   0.4724   0.3356   0.0208  -0.0307   0.3844  -0.3844  -0.0276  -0.0145  -0.0681   0.1359   0.4724   0.2162  -0.0276  -0.3821
i            -0.3694   0.6986   0.8729  -0.7251   0.8356   0.5787   0.8494   0.3645   1.0000  -0.5259  -0.6309  -0.5593  -0.2708   0.4349   0.6723   0.6482   0.5352  -0.3750   0.8494  -0.8494   0.3837   0.3936   0.3510   0.4349   0.6723   0.7653   0.3837  -0.3729
l             0.0120   0.1360  -0.1421   0.8671  -0.0184   0.3168  -0.0754  -0.3883  -0.5259   1.0000   0.1218  -0.1334   0.0245  -0.2509  -0.4716  -0.8963   0.0729   0.0337  -0.0754   0.0754  -0.0831  -0.0749  -0.1080  -0.2509  -0.4716   0.0949  -0.0831   0.9844
lb_E          0.8499  -0.7311  -0.7200   0.1334  -0.7640  -0.7545  -0.7500  -0.1515  -0.6309   0.1218   1.0000   0.9612   0.8869   0.2581   0.0786   0.0105  -0.9790   0.9384  -0.7500   0.7500  -0.9401  -0.9456  -0.9182   0.2581   0.0786  -0.8005  -0.9401  -0.0060
phi_E         0.8312  -0.8128  -0.7386  -0.0515  -0.8199  -0.8788  -0.7864  -0.0421  -0.5593  -0.1334   0.9612   1.0000   0.8305   0.2315   0.1214   0.1962  -0.9927   0.8908  -0.7864   0.7864  -0.8812  -0.8898  -0.8498   0.2315   0.1214  -0.8760  -0.8812  -0.2699
mc            0.7773  -0.3879  -0.3417  -0.0594  -0.4006  -0.4720  -0.3766   0.0257  -0.2708   0.0245   0.8869   0.8305   1.0000   0.6571   0.3937   0.2099  -0.8836   0.9912  -0.3766   0.3766  -0.9813  -0.9821  -0.9740   0.6571   0.3937  -0.4814  -0.9813  -0.0418
pi            0.1624   0.2503   0.3412  -0.3519   0.3261   0.1402   0.3299   0.1359   0.4349  -0.2509   0.2581   0.2315   0.6571   1.0000   0.6069   0.4823  -0.2923   0.5690   0.3299  -0.3299  -0.5081  -0.5074  -0.5076   1.0000   0.6069   0.1927  -0.5081  -0.1864
r             0.4319   0.2724   0.5004  -0.7999   0.3708   0.0717   0.4255   0.4724   0.6723  -0.4716   0.0786   0.1214   0.3937   0.6069   1.0000   0.7830  -0.1794   0.3084   0.4255  -0.4255  -0.3501  -0.3368  -0.3896   0.6069   1.0000   0.2839  -0.3501  -0.4005
lb_H          0.2150  -0.0436   0.2562  -0.9588   0.1426  -0.2335   0.1843   0.3356   0.6482  -0.8963   0.0105   0.1962   0.2099   0.4823   0.7830   1.0000  -0.1793   0.1705   0.1843  -0.1843  -0.1460  -0.1476  -0.1402   0.4823   0.7830   0.0168  -0.1460  -0.8523
q            -0.8679   0.7493   0.6835   0.0392   0.7660   0.8196   0.7315   0.0208   0.5352   0.0729  -0.9790  -0.9927  -0.8836  -0.2923  -0.1794  -0.1793   1.0000  -0.9327   0.7315  -0.7315   0.9309   0.9371   0.9069  -0.2923  -0.1794   0.8211   0.9309   0.2014
varrho        0.8041  -0.5022  -0.4621  -0.0134  -0.5164  -0.5710  -0.4957  -0.0307  -0.3750   0.0337   0.9384   0.8908   0.9912   0.5690   0.3084   0.1705  -0.9327   1.0000  -0.4957   0.4957  -0.9888  -0.9916  -0.9749   0.5690   0.3084  -0.5900  -0.9888  -0.0516
mu           -0.5284   0.9710   0.9932  -0.2966   0.9873   0.9010   1.0000   0.3844   0.8494  -0.0754  -0.7500  -0.7864  -0.3766   0.3299   0.4255   0.1843   0.7315  -0.4957   1.0000  -1.0000   0.4822   0.4970   0.4335   0.3299   0.4255   0.9726   0.4822   0.0867
e             0.5284  -0.9710  -0.9932   0.2966  -0.9873  -0.9010  -1.0000  -0.3844  -0.8494   0.0754   0.7500   0.7864   0.3766  -0.3299  -0.4255  -0.1843  -0.7315   0.4957  -1.0000   1.0000  -0.4822  -0.4970  -0.4335  -0.3299  -0.4255  -0.9726  -0.4822  -0.0867
gy_obs       -0.8721   0.4799   0.4408   0.0153   0.5125   0.5580   0.4822  -0.0276   0.3837  -0.0831  -0.9401  -0.8812  -0.9813  -0.5081  -0.3501  -0.1460   0.9309  -0.9888   0.4822  -0.4822   1.0000   0.9996   0.9961  -0.5081  -0.3501   0.5708   1.0000   0.0045
gc_obs       -0.8665   0.4955   0.4567   0.0107   0.5258   0.5717   0.4970  -0.0145   0.3936  -0.0749  -0.9456  -0.8898  -0.9821  -0.5074  -0.3368  -0.1476   0.9371  -0.9916   0.4970  -0.4970   0.9996   1.0000   0.9932  -0.5074  -0.3368   0.5859   0.9996   0.0144
gi_obs       -0.8851   0.4287   0.3889   0.0295   0.4683   0.5124   0.4335  -0.0681   0.3510  -0.1080  -0.9182  -0.8498  -0.9740  -0.5076  -0.3896  -0.1402   0.9069  -0.9749   0.4335  -0.4335   0.9961   0.9932   1.0000  -0.5076  -0.3896   0.5207   0.9961  -0.0266
pi_obs        0.1624   0.2503   0.3412  -0.3519   0.3261   0.1402   0.3299   0.1359   0.4349  -0.2509   0.2581   0.2315   0.6571   1.0000   0.6069   0.4823  -0.2923   0.5690   0.3299  -0.3299  -0.5081  -0.5074  -0.5076   1.0000   0.6069   0.1927  -0.5081  -0.1864
r_obs         0.4319   0.2724   0.5004  -0.7999   0.3708   0.0717   0.4255   0.4724   0.6723  -0.4716   0.0786   0.1214   0.3937   0.6069   1.0000   0.7830  -0.1794   0.3084   0.4255  -0.4255  -0.3501  -0.3368  -0.3896   0.6069   1.0000   0.2839  -0.3501  -0.4005
l_obs        -0.5994   0.9719   0.9461  -0.1415   0.9867   0.9630   0.9726   0.2162   0.7653   0.0949  -0.8005  -0.8760  -0.4814   0.1927   0.2839   0.0168   0.8211  -0.5900   0.9726  -0.9726   0.5708   0.5859   0.5207   0.1927   0.2839   1.0000   0.5708   0.2594
co2_obs      -0.8721   0.4799   0.4408   0.0153   0.5125   0.5580   0.4822  -0.0276   0.3837  -0.0831  -0.9401  -0.8812  -0.9813  -0.5081  -0.3501  -0.1460   0.9309  -0.9888   0.4822  -0.4822   1.0000   0.9996   0.9961  -0.5081  -0.3501   0.5708   1.0000   0.0045
e_m          -0.0891   0.2864   0.0146   0.8118   0.1515   0.4673   0.0867  -0.3821  -0.3729   0.9844  -0.0060  -0.2699  -0.0418  -0.1864  -0.4005  -0.8523   0.2014  -0.0516   0.0867  -0.0867   0.0045   0.0144  -0.0266  -0.1864  -0.4005   0.2594   0.0045   1.0000



COEFFICIENTS OF AUTOCORRELATION
Order            1        2        3        4        5
rr          0.2202  -0.0695  -0.1440  -0.1342  -0.0993
c           0.5090   0.2480   0.1178   0.0589   0.0369
c_E         0.5938   0.3695   0.2429   0.1699   0.1267
c_H         0.9916   0.9735   0.9476   0.9145   0.8751
h           0.4906   0.2108   0.0623  -0.0126  -0.0473
w           0.4085   0.1486   0.0461   0.0140   0.0102
y           0.5350   0.2786   0.1414   0.0707   0.0364
k           0.9974   0.9910   0.9818   0.9703   0.9570
i           0.7536   0.5965   0.4902   0.4136   0.3552
l           0.9820   0.9495   0.9097   0.8666   0.8227
