Starting Dynare (version 6.2).
Calling Dynare with arguments: none
Starting preprocessing of the model file ...
Found 39 equation(s).
Evaluating expressions...
Computing static model derivatives (order 1).
Normalizing the static model...
Finding the optimal block decomposition of the static model...
16 block(s) found:
  15 recursive block(s) and 1 simultaneous block(s).
  the largest simultaneous block has 18 equation(s)
                                 and 18 feedback variable(s).
Computing dynamic model derivatives (order 1).
Normalizing the dynamic model...
Finding the optimal block decomposition of the dynamic model...
13 block(s) found:
  12 recursive block(s) and 1 simultaneous block(s).
  the largest simultaneous block has 21 equation(s)
                                 and 19 feedback variable(s).
Preprocessing completed.
Preprocessing time: 0h00m00s.
[Warning: Some of the parameters have no value (chi, A) when using steady. If these parameters are not
initialized in a steadystate file or a steady_state_model-block, Dynare may not be able to solve the model.
Note that simul, perfect_foresight_setup, and perfect_foresight_solver do not automatically call the steady
state file.] 

STEADY-STATE RESULTS:

rr      		 1.00705
c       		 12.0505
c_E     		 3.25794
c_H     		 8.79255
h       		 0.333333
w       		 39.1598
y       		 25
k       		 161.194
i       		 4.02986
l       		 125.442
lb_E    		 1.02314
phi_E   		 0.0130916
mc      		 0.9
pi      		 1.005
r       		 1.01208
lb_H    		 0.379109
q       		 1
varrho  		 0.747854
tau     		 0.1
mu      		 1.55203
e       		 -1.44991
g       		 5
gy_obs  		 0
gc_obs  		 0
gi_obs  		 0
pi_obs  		 0
r_obs   		 0
l_obs   		 0
co2_obs 		 0
e_a     		 1
e_g     		 1
e_c     		 1
e_m     		 1
e_i     		 1
e_r     		 1
e_t     		 1
e_p     		 1
e_e     		 1
e_mh    		 1


Residuals of the static equations:
Equation number  1: marginal utility of consumption :       0.000000
Equation number  2: Euler                           :       0.000000
Equation number  3: Labor Supply                    :       0.000000
Equation number  4: FOC i                           :       0.000000
Equation number  5: technology                      :       0.000000
Equation number  6: Borrowing constraint            :       0.000000
Equation number  7: Capital law of motion           :       0.000000
Equation number  8: FOC c                           :       0.000000
Equation number  9: FOC l                           :       0.000000
Equation number 10: FOC k                           :       0.000000
Equation number 11: FOC h                           :       0.000000
Equation number 12: NKPC                            :       0.000000
Equation number 13: FOC y                           :       0.000000
Equation number 14: FOC mu                          :       0.000000
Equation number 15: balance sheet                   :       0.000000
Equation number 16: Resources Constraint            :       0.000000
Equation number 17: Total consumption               :       0.000000
Equation number 18: Total emissions                 :       0.000000
Equation number 19: Fisherian equation              :       0.000000
Equation number 20: Monetary Policy rule            :       0.000000
Equation number 21: Public spending                 :       0.000000
Equation number 22: Carbon tax                      :       0.000000
Equation number 23: measurement GDP                 :       0.000000
Equation number 24: measurement consumption         :       0.000000
Equation number 25: measurement investment          :       0.000000
Equation number 26: measurement inflation           :       0.000000
Equation number 27: measurement interest rate       :       0.000000
Equation number 28: measurement corporate loans     :       0.000000
Equation number 29: measurement corporate loans     :       0.000000
Equation number 30: shocks                          :       0.000000
Equation number 31: 31                              :       0.000000
Equation number 32: 32                              :       0.000000
Equation number 33: 33                              :       0.000000
Equation number 34: 34                              :       0.000000
Equation number 35: 35                              :       0.000000
Equation number 36: 36                              :       0.000000
Equation number 37: 37                              :       0.000000
Equation number 38: 38                              :       0.000000
Equation number 39: 39                              :       0.000000



MODEL SUMMARY

  Number of variables:         39
  Number of stochastic shocks: 10
  Number of state variables:   19
  Number of jumpers:           8
  Number of static variables:  15


MATRIX OF COVARIANCE OF EXOGENOUS SHOCKS
Variables       eta_a     eta_g     eta_c     eta_m     eta_i     eta_r     eta_t     eta_p     eta_e    eta_mh
eta_a        0.000000  0.000000  0.000000  0.000000  0.000000  0.000000  0.000000  0.000000  0.000000  0.000000
eta_g        0.000000  0.000000  0.000000  0.000000  0.000000  0.000000  0.000000  0.000000  0.000000  0.000000
eta_c        0.000000  0.000000  0.000000  0.000000  0.000000  0.000000  0.000000  0.000000  0.000000  0.000000
eta_m        0.000000  0.000000  0.000000  0.000000  0.000000  0.000000  0.000000  0.000000  0.000000  0.000000
eta_i        0.000000  0.000000  0.000000  0.000000  0.000000  0.000000  0.000000  0.000000  0.000000  0.000000
eta_r        0.000000  0.000000  0.000000  0.000000  0.000000  0.000000  0.000000  0.000000  0.000000  0.000000
eta_t        0.000000  0.000000  0.000000  0.000000  0.000000  0.000000  1.000000  0.000000  0.000000  0.000000
eta_p        0.000000  0.000000  0.000000  0.000000  0.000000  0.000000  0.000000  0.000000  0.000000  0.000000
eta_e        0.000000  0.000000  0.000000  0.000000  0.000000  0.000000  0.000000  0.000000  0.000000  0.000000
eta_mh       0.000000  0.000000  0.000000  0.000000  0.000000  0.000000  0.000000  0.000000  0.000000  0.000000

POLICY AND TRANSITION FUNCTIONS
                                  rr               c             c_E             c_H               h               w               y               k               i               l            lb_E           phi_E              mc              pi               r            lb_H               q          varrho             tau              mu               e               g          gy_obs          gc_obs          gi_obs          pi_obs           r_obs           l_obs         co2_obs             e_a             e_g             e_c             e_m             e_i             e_r             e_t             e_p             e_e            e_mh
Constant                    1.007049       12.050489        3.257937        8.792552        0.333333       39.159777       25.000000      161.194236        4.029856      125.442049        1.023142        0.013092        0.900000        1.005000        1.012085        0.379109        1.000000        0.747854        0.100000        1.552027       -1.449913        5.000000               0               0               0               0               0               0               0        1.000000        1.000000        1.000000        1.000000        1.000000        1.000000        1.000000        1.000000        1.000000        1.000000
c(-1)                              0               0               0               0               0               0               0               0               0               0               0               0               0               0               0               0               0               0               0               0               0               0               0       -0.082984               0               0               0               0               0               0               0               0               0               0               0               0               0               0               0
c_E(-1)                     0.004408        0.131748        0.156104       -0.024356        0.000625       -0.288159        0.032815       -0.110766       -0.110766       -0.972359        0.569361        0.544582        0.076419        0.007357        0.002223        0.003501       -0.120639        0.076158               0        0.001019       -0.004198               0        0.001313        0.010933       -0.027486        0.007357        0.002223       -0.007751        0.002895               0               0               0               0               0               0               0               0               0               0
c_H(-1)                     0.001257        0.445430       -0.218480        0.663910        0.011502        0.815475        0.603864       -0.059324       -0.059324       -1.102053        0.228709        0.226780        0.061934        0.009170        0.002770        0.005187       -0.053218        0.057146               0        0.018744       -0.077250               0        0.024155        0.036964       -0.014721        0.009170        0.002770       -0.008785        0.053279               0               0               0               0               0               0               0               0               0               0
k(-1)                      -0.000905        0.129523        0.124736        0.004787        0.003361        0.465900        0.222974        0.988044        0.013044        0.307573       -0.130576       -0.133610       -0.008396       -0.000225       -0.000068       -0.000688        0.024897       -0.010164               0        0.006921       -0.028524               0        0.008919        0.010748        0.003237       -0.000225       -0.000068        0.002452        0.019673               0               0               0               0               0               0               0               0               0               0
l(-1)                       0.001700       -0.188700       -0.192036        0.003336       -0.006425       -0.705232       -0.337289       -0.026960       -0.026960        0.574651        0.201027        0.210674        0.010962       -0.000424       -0.000128       -0.000479       -0.040856        0.013636               0       -0.010470        0.043148               0       -0.013492       -0.015659       -0.006690       -0.000424       -0.000128       -0.003391       -0.029759               0               0               0               0               0               0               0               0               0               0
r(-1)                       1.762373      -80.670782      -76.288321       -4.382461       -2.793206     -393.205136     -146.643299      -13.091736      -13.091736       14.812183       79.860150       84.077244        1.990652       -0.987968        0.501520        0.629862      -18.109341        3.153402               0       -4.551886       18.759497               0       -5.865732       -6.694399       -3.248686       -0.987968        0.501520        0.118080      -12.938359               0               0               0               0               0               0               0               0               0               0
e(-1)                              0               0               0               0               0               0               0               0               0               0               0               0               0               0               0               0               0               0               0               0               0               0               0               0               0               0               0               0        0.689696               0               0               0               0               0               0               0               0               0               0
e_a(-1)                    -0.060666       13.221952       11.468787        1.753165        0.046356       31.473088       26.183712        3.519698        3.519698       34.421109      -12.005757      -11.391517       -1.569977       -0.192548       -0.058172       -0.251971        2.658521       -1.777590               0        0.812756       -3.349579               0        1.047348        1.097213        0.873405       -0.192548       -0.058172        0.274398        2.310193        0.950000               0               0               0               0               0               0               0               0               0
e_g(-1)                    -0.012559       -0.879726       -0.292271       -0.587455        0.107683        3.929233        5.653338       -0.255576       -0.255576       -6.065919        0.305955        0.275892        0.233500        0.058534        0.017684        0.084431       -0.083478        0.188674               0        0.175483       -0.723209        4.750000        0.226134       -0.073003       -0.063421        0.058534        0.017684       -0.048356        0.498795               0        0.950000               0               0               0               0               0               0               0               0
e_c(-1)                    -0.028424        2.610981        0.943485        1.667496        0.070024       -4.220113        3.676245       -0.260420       -0.260420       -3.207345       -0.015674       -0.613164       -0.095785        0.022500        0.006798        0.120495        0.114530       -0.124935               0        0.114113       -0.470288               0        0.147050        0.216670       -0.064623        0.022500        0.006798       -0.025568        0.324356               0               0        0.950000               0               0               0               0               0               0               0
e_m(-1)                    -0.155628       18.566099       18.318203        0.247895        0.631694       77.891226       33.163948        2.638657        2.638657       47.631096      -19.175864      -22.061437       -1.115467        0.019074        0.005762       -0.035628        4.179975       -1.378427               0        1.029427       -4.242533               0        1.326558        1.540693        0.654777        0.019074        0.005762        0.379706        2.926060               0               0               0        0.950000               0               0               0               0               0               0
e_r(-1)                     1.056483      -44.504681      -40.776491       -3.728190       -1.556746     -238.233504      -81.729166       -7.752274       -7.752274      -33.759845       42.685651       45.492101        0.541018       -0.810192        0.160063        0.535828      -10.157554        1.189058               0       -2.536917       10.455289               0       -3.269167       -3.693185       -1.923710       -0.810192        0.160063       -0.269127       -7.210976               0               0               0               0               0        0.400000               0               0               0               0
e_t(-1)                     0.019459       -1.384829       -1.272806       -0.112023        0.026949        1.502919        1.414842       -0.258309       -0.258309       -3.086874        1.332399        1.373184        0.359705        0.036414        0.011001        0.016100       -0.307768        0.251692        0.040000        0.431924       -1.200105               0        0.056594       -0.114919       -0.064099        0.036414        0.011001       -0.024608        0.827708               0               0               0               0               0               0        0.400000               0               0               0
e_p(-1)                            0               0               0               0               0               0               0               0               0               0               0               0               0               0               0               0               0               0               0               0               0               0               0               0               0               0               0               0               0               0               0               0               0               0               0               0        0.900000               0               0
e_e(-1)                    -0.001120        0.097515        0.104637       -0.007122        0.003422        0.296312        0.179671        0.017365        0.017365        0.018722       -0.109536       -0.095193       -0.004814        0.000703        0.000212        0.001024        0.020626       -0.006239               0        0.005577       -1.327906               0        0.007187        0.008092        0.004309        0.000703        0.000212        0.000149        0.915852               0               0               0               0               0               0               0               0        0.900000               0
e_mh(-1)                    0.001820       -0.271510       -0.262094       -0.009416       -0.009042       -1.201998       -0.474685       -0.031999       -0.031999       -0.834894        0.274365        0.333003        0.018631        0.000761        0.000230        0.001353       -0.059851        0.022394               0       -0.014734        0.060725               0       -0.018987       -0.022531       -0.007941        0.000761        0.000230       -0.006656       -0.041882               0               0               0               0               0               0               0               0               0        0.900000
y(-1)                              0               0               0               0               0               0               0               0               0               0               0               0               0               0               0               0               0               0               0               0               0               0       -0.040000               0               0               0               0               0               0               0               0               0               0               0               0               0               0               0               0
i(-1)                       0.003331       -0.718284       -0.685544       -0.032739        0.000010       -0.484837        0.000539        0.718629        0.718629       -1.669905        0.717642        0.704160        0.095799        0.012263        0.003705        0.004705       -0.164083        0.095794               0        0.000017       -0.000069               0        0.000022       -0.059606       -0.069822        0.012263        0.003705       -0.013312        0.000048               0               0               0               0               0               0               0               0               0               0
e_i(-1)                     0.039360       -9.628340       -9.433563       -0.194777       -0.271445      -34.780751      -14.250841        4.344833        0.516470      -27.215014        9.875244       10.134466        0.551938        0.042712        0.012904        0.027994       -2.405456        0.664935               0       -0.442354        1.823054               0       -0.570034       -0.799000        0.128161        0.042712        0.012904       -0.216953       -1.257354               0               0               0               0        0.950000               0               0               0               0               0
eta_a                      -0.063859       13.917844       12.072407        1.845437        0.048796       33.129566       27.561803        3.704945        3.704945       36.232746      -12.637639      -11.991071       -1.652607       -0.202682       -0.061233       -0.265233        2.798443       -1.871148               0        0.855533       -3.525872               0        1.102472        1.154961        0.919374       -0.202682       -0.061233        0.288841        2.431782        1.000000               0               0               0               0               0               0               0               0               0
eta_g                      -0.013220       -0.926028       -0.307654       -0.618374        0.113350        4.136035        5.950882       -0.269027       -0.269027       -6.385178        0.322058        0.290413        0.245789        0.061615        0.018615        0.088875       -0.087872        0.198604               0        0.184719       -0.761273        5.000000        0.238035       -0.076846       -0.066759        0.061615        0.018615       -0.050901        0.525047               0        1.000000               0               0               0               0               0               0               0               0
eta_c                      -0.029920        2.748401        0.993142        1.755259        0.073709       -4.442224        3.869732       -0.274126       -0.274126       -3.376153       -0.016499       -0.645436       -0.100827        0.023684        0.007155        0.126837        0.120558       -0.131510               0        0.120119       -0.495039               0        0.154789        0.228074       -0.068024        0.023684        0.007155       -0.026914        0.341427               0               0        1.000000               0               0               0               0               0               0               0
eta_m                      -0.163819       19.543262       19.282319        0.260942        0.664941       81.990764       34.909419        2.777533        2.777533       50.137995      -20.185120      -23.222566       -1.174175        0.020077        0.006066       -0.037504        4.399974       -1.450976               0        1.083607       -4.465824               0        1.396377        1.621782        0.689239        0.020077        0.006066        0.399690        3.080063               0               0               0        1.000000               0               0               0               0               0               0
eta_i                       0.041432      -10.135095       -9.930067       -0.205028       -0.285731      -36.611317      -15.000885        4.573508        0.543653      -28.647383       10.394994       10.667859        0.580988        0.044960        0.013583        0.029467       -2.532059        0.699932               0       -0.465635        1.919004               0       -0.600035       -0.841053        0.134906        0.044960        0.013583       -0.228371       -1.323530               0               0               0               0        1.000000               0               0               0               0               0
eta_r                       2.641208     -111.261703     -101.941227       -9.320476       -3.891865     -595.583760     -204.322916      -19.380686      -19.380686      -84.399612      106.714128      113.730252        1.352546       -2.025481        0.400157        1.339571      -25.393886        2.972644               0       -6.342292       26.138222               0       -8.172917       -9.232961       -4.809275       -2.025481        0.400157       -0.672818      -18.027439               0               0               0               0               0        1.000000               0               0               0               0
eta_t                       0.048647       -3.462072       -3.182014       -0.280058        0.067373        3.757299        3.537104       -0.645772       -0.645772       -7.717185        3.330996        3.432959        0.899262        0.091036        0.027503        0.040251       -0.769421        0.629231        0.100000        1.079810       -3.000263               0        0.141484       -0.287297       -0.160247        0.091036        0.027503       -0.061520        2.069271               0               0               0               0               0               0        1.000000               0               0               0
eta_p                              0               0               0               0               0               0               0               0               0               0               0               0               0               0               0               0               0               0               0               0               0               0               0               0               0               0               0               0               0               0               0               0               0               0               0               0        1.000000               0               0
eta_e                      -0.001244        0.108350        0.116264       -0.007914        0.003803        0.329235        0.199634        0.019294        0.019294        0.020802       -0.121707       -0.105771       -0.005349        0.000781        0.000236        0.001137        0.022918       -0.006932               0        0.006197       -1.475452               0        0.007985        0.008991        0.004788        0.000781        0.000236        0.000166        1.017614               0               0               0               0               0               0               0               0        1.000000               0
eta_mh                      0.002022       -0.301678       -0.291216       -0.010463       -0.010046       -1.335554       -0.527428       -0.035555       -0.035555       -0.927660        0.304850        0.370004        0.020701        0.000845        0.000255        0.001504       -0.066501        0.024883               0       -0.016372        0.067472               0       -0.021097       -0.025035       -0.008823        0.000845        0.000255       -0.007395       -0.046535               0               0               0               0               0               0               0               0               0        1.000000


THEORETICAL MOMENTS
VARIABLE         MEAN  STD. DEV.   VARIANCE
rr             1.0070     0.0663     0.0044
c             12.0505     4.5591    20.7855
c_E            3.2579     4.0162    16.1298
c_H            8.7926     0.6067     0.3681
h              0.3333     0.0770     0.0059
w             39.1598     6.7147    45.0870
y             25.0000     4.1178    16.9559
k            161.1942     7.6290    58.2024
i              4.0299     0.9761     0.9528
l            125.4420     9.5277    90.7773
lb_E           1.0231     3.3528    11.2412
phi_E          0.0131     3.4366    11.8104
mc             0.9000     0.9051     0.8192
pi             1.0050     0.0979     0.0096
r              1.0121     0.0325     0.0011
lb_H           0.3791     0.0472     0.0022
q              1.0000     0.7712     0.5948
varrho         0.7479     0.6466     0.4181
tau            0.1000     0.1091     0.0119
mu             1.5520     1.1490     1.3203
e             -1.4499     3.1615     9.9948
g              5.0000     0.0000     0.0000
gy_obs         0.0000     0.2165     0.0469
gc_obs         0.0000     0.3165     0.1002
gi_obs         0.0000     0.1726     0.0298
pi_obs         0.0000     0.0979     0.0096
r_obs          0.0000     0.0325     0.0011
l_obs          0.0000     0.0776     0.0060
co2_obs        0.0000     2.5552     6.5292
e_a            1.0000     0.0000     0.0000
e_g            1.0000     0.0000     0.0000
e_c            1.0000     0.0000     0.0000
e_m            1.0000     0.0000     0.0000
e_i            1.0000     0.0000     0.0000
e_r            1.0000     0.0000     0.0000
e_t            1.0000     1.0911     1.1905
e_p            1.0000     0.0000     0.0000
e_e            1.0000     0.0000     0.0000
e_mh           1.0000     0.0000     0.0000



VARIANCE DECOMPOSITION (in percent)
            eta_a   eta_g   eta_c   eta_m   eta_i   eta_r   eta_t   eta_p   eta_e  eta_mh
rr           0.00    0.00    0.00    0.00    0.00    0.00  100.00    0.00    0.00    0.00
c            0.00    0.00    0.00    0.00    0.00    0.00  100.00    0.00    0.00    0.00
c_E          0.00    0.00    0.00    0.00    0.00    0.00  100.00    0.00    0.00    0.00
c_H          0.00    0.00    0.00    0.00    0.00    0.00  100.00    0.00    0.00    0.00
h            0.00    0.00    0.00    0.00    0.00    0.00  100.00    0.00    0.00    0.00
w            0.00    0.00    0.00    0.00    0.00    0.00  100.00    0.00    0.00    0.00
y            0.00    0.00    0.00    0.00    0.00    0.00  100.00    0.00    0.00    0.00
k            0.00    0.00    0.00    0.00    0.00    0.00  100.00    0.00    0.00    0.00
i            0.00    0.00    0.00    0.00    0.00    0.00  100.00    0.00    0.00    0.00
l            0.00    0.00    0.00    0.00    0.00    0.00  100.00    0.00    0.00    0.00
lb_E         0.00    0.00    0.00    0.00    0.00    0.00  100.00    0.00    0.00    0.00
phi_E        0.00    0.00    0.00    0.00    0.00    0.00  100.00    0.00    0.00    0.00
mc           0.00    0.00    0.00    0.00    0.00    0.00  100.00    0.00    0.00    0.00
pi           0.00    0.00    0.00    0.00    0.00    0.00  100.00    0.00    0.00    0.00
r            0.00    0.00    0.00    0.00    0.00    0.00  100.00    0.00    0.00    0.00
lb_H         0.00    0.00    0.00    0.00    0.00    0.00  100.00    0.00    0.00    0.00
q            0.00    0.00    0.00    0.00    0.00    0.00  100.00    0.00    0.00    0.00
varrho       0.00    0.00    0.00    0.00    0.00    0.00  100.00    0.00    0.00    0.00
tau          0.00    0.00    0.00    0.00    0.00    0.00  100.00    0.00    0.00    0.00
mu           0.00    0.00    0.00    0.00    0.00    0.00  100.00    0.00    0.00    0.00
e            0.00    0.00    0.00    0.00    0.00    0.00  100.00    0.00    0.00    0.00
g            0.00    0.00    0.00    0.00    0.00    0.00  100.00    0.00    0.00    0.00
gy_obs       0.00    0.00    0.00    0.00    0.00    0.00  100.00    0.00    0.00    0.00
gc_obs       0.00    0.00    0.00    0.00    0.00    0.00  100.00    0.00    0.00    0.00
gi_obs       0.00    0.00    0.00    0.00    0.00    0.00  100.00    0.00    0.00    0.00
pi_obs       0.00    0.00    0.00    0.00    0.00    0.00  100.00    0.00    0.00    0.00
r_obs        0.00    0.00    0.00    0.00    0.00    0.00  100.00    0.00    0.00    0.00
l_obs        0.00    0.00    0.00    0.00    0.00    0.00  100.00    0.00    0.00    0.00
co2_obs      0.00    0.00    0.00    0.00    0.00    0.00  100.00    0.00    0.00    0.00
e_a          0.00    0.00    0.00    0.00    0.00    0.00  100.00    0.00    0.00    0.00
e_g          0.00    0.00    0.00    0.00    0.00    0.00  100.00    0.00    0.00    0.00
e_c          0.00    0.00    0.00    0.00    0.00    0.00  100.00    0.00    0.00    0.00
e_m          0.00    0.00    0.00    0.00    0.00    0.00  100.00    0.00    0.00    0.00
e_i          0.00    0.00    0.00    0.00    0.00    0.00  100.00    0.00    0.00    0.00
e_r         -0.00   -0.00   -0.00   -0.00   -0.00   -0.00  100.00   -0.00   -0.00   -0.00
e_t          0.00    0.00    0.00    0.00    0.00    0.00  100.00    0.00    0.00    0.00
e_p          0.00    0.00    0.00    0.00    0.00    0.00  100.00    0.00    0.00    0.00
e_e          0.00    0.00    0.00    0.00    0.00    0.00  100.00    0.00    0.00    0.00
e_mh         0.00    0.00    0.00    0.00    0.00    0.00  100.00    0.00    0.00    0.00



MATRIX OF CORRELATIONS
Variables         rr        c      c_E      c_H        h        w        y        k        i        l     lb_E    phi_E       mc       pi        r     lb_H        q   varrho      tau       mu        e   gy_obs   gc_obs   gi_obs   pi_obs    r_obs    l_obs  co2_obs      e_t
rr            1.0000  -0.9718  -0.9730  -0.8614   0.4648  -0.0655   0.4495  -0.1938  -0.9371  -0.7492   0.6575   0.7050   0.7078   0.4631   0.9639   0.9520  -0.7238   0.5844   0.9395   0.9153  -0.9010  -0.0031  -0.4080  -0.4996   0.4631   0.9639  -0.1687   0.2038   0.9395
c            -0.9718   1.0000   0.9980   0.9081  -0.4295   0.0910  -0.4014   0.3513   0.9695   0.7319  -0.6813  -0.7291  -0.7173  -0.4784  -0.9195  -0.9218   0.7354  -0.5983  -0.9443  -0.9144   0.8972  -0.0911   0.4183   0.4857  -0.4784  -0.9195   0.2317  -0.2598  -0.9443
c_E          -0.9730   0.9980   1.0000   0.8798  -0.4782   0.0346  -0.4522   0.3159   0.9650   0.7470  -0.7185  -0.7639  -0.7543  -0.5247  -0.9338  -0.9344   0.7705  -0.6404  -0.9616  -0.9360   0.9209  -0.1290   0.4656   0.5319  -0.5247  -0.9338   0.2793  -0.3040  -0.9616
c_H          -0.8614   0.9081   0.8798   1.0000  -0.0624   0.4546  -0.0229   0.5483   0.8968   0.5548  -0.3631  -0.4217  -0.3971  -0.1214  -0.7281  -0.7417   0.4255  -0.2565  -0.7303  -0.6753   0.6460   0.1699   0.0616   0.1289  -0.1214  -0.7281  -0.1079   0.0602  -0.7303
h             0.4648  -0.4295  -0.4782  -0.0624   1.0000   0.8488   0.9964   0.1351  -0.2816  -0.7772   0.9140   0.8935   0.9213   0.9701   0.6765   0.6855  -0.9025   0.9540   0.6988   0.7545  -0.7805   0.6672  -0.9606  -0.9795   0.9701   0.6765  -0.8611   0.8432   0.6988
w            -0.0655   0.0910   0.0346   0.4546   0.8488   1.0000   0.8603   0.3380   0.2182  -0.3878   0.6476   0.5969   0.6244   0.8223   0.1891   0.1969  -0.5957   0.7344   0.2356   0.3127  -0.3505   0.7671  -0.8476  -0.8140   0.8223   0.1891  -0.8781   0.8402   0.2356
y             0.4495  -0.4014  -0.4522  -0.0229   0.9964   0.8603   1.0000   0.2181  -0.2649  -0.7365   0.8994   0.8780   0.9075   0.9597   0.6625   0.6629  -0.8890   0.9424   0.6794   0.7370  -0.7640   0.6573  -0.9548  -0.9762   0.9597   0.6625  -0.8502   0.8350   0.6794
k            -0.1938   0.3513   0.3159   0.5483   0.1351   0.3380   0.2181   1.0000   0.2569   0.3665  -0.0443  -0.0660  -0.0392   0.0438  -0.1221  -0.2149   0.0416   0.0092  -0.1839  -0.1451   0.1254   0.0287  -0.1004  -0.1250   0.0438  -0.1221  -0.0445   0.0668  -0.1839
i            -0.9371   0.9695   0.9650   0.8968  -0.2816   0.2182  -0.2649   0.2569   1.0000   0.5494  -0.5730  -0.6270  -0.6072  -0.3487  -0.8387  -0.8228   0.6312  -0.4786  -0.8768  -0.8371   0.8151  -0.0095   0.2920   0.3562  -0.3487  -0.8387   0.1199  -0.1523  -0.8768
l            -0.7492   0.7319   0.7470   0.5548  -0.7772  -0.3878  -0.7365   0.3665   0.5494   1.0000  -0.7935  -0.8050  -0.8295  -0.7372  -0.8652  -0.9072   0.8197  -0.7825  -0.8363  -0.8522   0.8581  -0.2986   0.6886   0.7474  -0.7372  -0.8652   0.5110  -0.5071  -0.8363
lb_E          0.6575  -0.6813  -0.7185  -0.3631   0.9140   0.6476   0.8994  -0.0443  -0.5730  -0.7935   1.0000   0.9977   0.9945   0.9647   0.7944   0.8030  -0.9953   0.9922   0.8682   0.8997  -0.9132   0.7166  -0.9493  -0.9617   0.9647   0.7944  -0.8517   0.8649   0.8682
phi_E         0.7050  -0.7291  -0.7639  -0.4217   0.8935   0.5969   0.8780  -0.0660  -0.6270  -0.8050   0.9977   1.0000   0.9959   0.9455   0.8275   0.8348  -0.9985   0.9826   0.8990   0.9257  -0.9368   0.6781  -0.9260  -0.9439   0.9455   0.8275  -0.8171   0.8323   0.8990
mc            0.7078  -0.7173  -0.7543  -0.3971   0.9213   0.6244   0.9075  -0.0392  -0.6072  -0.8295   0.9945   0.9959   1.0000   0.9530   0.8418   0.8486  -0.9980   0.9866   0.8997   0.9296  -0.9423   0.6447  -0.9299  -0.9546   0.9530   0.8418  -0.8097   0.8161   0.8997
pi            0.4631  -0.4784  -0.5247  -0.1214   0.9701   0.8223   0.9597   0.0438  -0.3487  -0.7372   0.9647   0.9455   0.9530   1.0000   0.6528   0.6665  -0.9423   0.9890   0.7264   0.7758  -0.7986   0.7949  -0.9941  -0.9900   1.0000   0.6528  -0.9374   0.9293   0.7264
r             0.9639  -0.9195  -0.9338  -0.7281   0.6765   0.1891   0.6625  -0.1221  -0.8387  -0.8652   0.7944   0.8275   0.8418   0.6528   1.0000   0.9941  -0.8485   0.7481   0.9720   0.9690  -0.9651   0.1598  -0.6041  -0.6909   0.6528   1.0000  -0.3659   0.3902   0.9720
lb_H          0.9520  -0.9218  -0.9344  -0.7417   0.6855   0.1969   0.6629  -0.2149  -0.8228  -0.9072   0.8030   0.8348   0.8486   0.6665   0.9941   1.0000  -0.8533   0.7577   0.9715   0.9685  -0.9647   0.1808  -0.6141  -0.6954   0.6665   0.9941  -0.3875   0.4064   0.9715
q            -0.7238   0.7354   0.7705   0.4255  -0.9025  -0.5957  -0.8890   0.0416   0.6312   0.8197  -0.9953  -0.9985  -0.9980  -0.9423  -0.8485  -0.8533   1.0000  -0.9814  -0.9079  -0.9352   0.9465  -0.6488   0.9221   0.9470  -0.9423  -0.8485   0.7986  -0.8146  -0.9079
varrho        0.5844  -0.5983  -0.6404  -0.2565   0.9540   0.7344   0.9424   0.0092  -0.4786  -0.7825   0.9922   0.9826   0.9866   0.9890   0.7481   0.7577  -0.9814   1.0000   0.8167   0.8571  -0.8752   0.7427  -0.9769  -0.9854   0.9890   0.7481  -0.8900   0.8927   0.8167
tau           0.9395  -0.9443  -0.9616  -0.7303   0.6988   0.2356   0.6794  -0.1839  -0.8768  -0.8363   0.8682   0.8990   0.8997   0.7264   0.9720   0.9715  -0.9079   0.8167   1.0000   0.9967  -0.9925   0.3101  -0.6772  -0.7385   0.7264   0.9720  -0.4910   0.5082   1.0000
mu            0.9153  -0.9144  -0.9360  -0.6753   0.7545   0.3127   0.7370  -0.1451  -0.8371  -0.8522   0.8997   0.9257   0.9296   0.7758   0.9690   0.9685  -0.9352   0.8571   0.9967   1.0000  -0.9992   0.3587  -0.7299  -0.7888   0.7758   0.9690  -0.5468   0.5609   0.9967
e            -0.9010   0.8972   0.9209   0.6460  -0.7805  -0.3505  -0.7640   0.1254   0.8151   0.8581  -0.9132  -0.9368  -0.9423  -0.7986  -0.9651  -0.9647   0.9465  -0.8752  -0.9925  -0.9992   1.0000  -0.3822   0.7545   0.8120  -0.7986  -0.9651   0.5734  -0.5859  -0.9925
gy_obs       -0.0031  -0.0911  -0.1290   0.1699   0.6672   0.7671   0.6573   0.0287  -0.0095  -0.2986   0.7166   0.6781   0.6447   0.7949   0.1598   0.1808  -0.6488   0.7427   0.3101   0.3587  -0.3822   1.0000  -0.8352  -0.7559   0.7949   0.1598  -0.9390   0.9613   0.3101
gc_obs       -0.4080   0.4183   0.4656   0.0616  -0.9606  -0.8476  -0.9548  -0.1004   0.2920   0.6886  -0.9493  -0.9260  -0.9299  -0.9941  -0.6041  -0.6141   0.9221  -0.9769  -0.6772  -0.7299   0.7545  -0.8352   1.0000   0.9903  -0.9941  -0.6041   0.9507  -0.9544  -0.6772
gi_obs       -0.4996   0.4857   0.5319   0.1289  -0.9795  -0.8140  -0.9762  -0.1250   0.3562   0.7474  -0.9617  -0.9439  -0.9546  -0.9900  -0.6909  -0.6954   0.9470  -0.9854  -0.7385  -0.7888   0.8120  -0.7559   0.9903   1.0000  -0.9900  -0.6909   0.8996  -0.9067  -0.7385
pi_obs        0.4631  -0.4784  -0.5247  -0.1214   0.9701   0.8223   0.9597   0.0438  -0.3487  -0.7372   0.9647   0.9455   0.9530   1.0000   0.6528   0.6665  -0.9423   0.9890   0.7264   0.7758  -0.7986   0.7949  -0.9941  -0.9900   1.0000   0.6528  -0.9374   0.9293   0.7264
r_obs         0.9639  -0.9195  -0.9338  -0.7281   0.6765   0.1891   0.6625  -0.1221  -0.8387  -0.8652   0.7944   0.8275   0.8418   0.6528   1.0000   0.9941  -0.8485   0.7481   0.9720   0.9690  -0.9651   0.1598  -0.6041  -0.6909   0.6528   1.0000  -0.3659   0.3902   0.9720
l_obs        -0.1687   0.2317   0.2793  -0.1079  -0.8611  -0.8781  -0.8502  -0.0445   0.1199   0.5110  -0.8517  -0.8171  -0.8097  -0.9374  -0.3659  -0.3875   0.7986  -0.8900  -0.4910  -0.5468   0.5734  -0.9390   0.9507   0.8996  -0.9374  -0.3659   1.0000  -0.9854  -0.4910
co2_obs       0.2038  -0.2598  -0.3040   0.0602   0.8432   0.8402   0.8350   0.0668  -0.1523  -0.5071   0.8649   0.8323   0.8161   0.9293   0.3902   0.4064  -0.8146   0.8927   0.5082   0.5609  -0.5859   0.9613  -0.9544  -0.9067   0.9293   0.3902  -0.9854   1.0000   0.5082
e_t           0.9395  -0.9443  -0.9616  -0.7303   0.6988   0.2356   0.6794  -0.1839  -0.8768  -0.8363   0.8682   0.8990   0.8997   0.7264   0.9720   0.9715  -0.9079   0.8167   1.0000   0.9967  -0.9925   0.3101  -0.6772  -0.7385   0.7264   0.9720  -0.4910   0.5082   1.0000



COEFFICIENTS OF AUTOCORRELATION
Order            1        2        3        4        5
rr          0.6554   0.2973   0.0720  -0.0365  -0.0728
c           0.6500   0.4062   0.2467   0.1477   0.0892
c_E         0.6100   0.3651   0.2184   0.1326   0.0829
